<?xml version="1.0" encoding="utf-8"?>
<COLLADA xmlns="http://www.collada.org/2005/11/COLLADASchema" version="1.4.1">
  <asset>
    <contributor>
      <author>Mixamo</author>
      <authoring_tool>COLLADA Mixamo exporter</authoring_tool>
      <comments/>
    </contributor>
    <created>2023-12-03T15:00:07Z</created>
    <modified>2023-12-03T15:00:07Z</modified>
    <revision/>
    <title/>
    <unit meter="0.010000"/>
    <up_axis>Y_UP</up_axis>
  </asset>
  <library_animations>
    <animation id="mixamorig7_Hips-anim" name="mixamorig7_Hips">
      <source id="mixamorig7_Hips-Matrix-animation-input">
        <float_array id="mixamorig7_Hips-Matrix-animation-input-array" count="419">

0.000000 0.033333 0.066667 0.100000 0.133333 0.166667 0.200000 0.233333 0.266667 0.300000 0.333333 0.366667 0.400000 0.433333 0.466667 0.500000
0.533333 0.566667 0.600000 0.633333 0.666667 0.700000 0.733333 0.766667 0.800000 0.833333 0.866667 0.900000 0.933333 0.966667 1.000000 1.033333
1.066667 1.100000 1.133333 1.166667 1.200000 1.233333 1.266667 1.300000 1.333333 1.366667 1.400000 1.433333 1.466667 1.500000 1.533333 1.566667
1.600000 1.633333 1.666667 1.700000 1.733333 1.766667 1.800000 1.833333 1.866667 1.900000 1.933333 1.966667 2.000000 2.033333 2.066667 2.100000
2.133333 2.166667 2.200000 2.233333 2.266667 2.300000 2.333333 2.366667 2.400000 2.433333 2.466667 2.500000 2.533333 2.566667 2.600000 2.633333
2.666667 2.700000 2.733333 2.766667 2.800000 2.833333 2.866667 2.900000 2.933333 2.966667 3.000000 3.033333 3.066667 3.100000 3.133333 3.166667
3.200000 3.233333 3.266667 3.300000 3.333333 3.366667 3.400000 3.433333 3.466667 3.500000 3.533333 3.566667 3.600000 3.633333 3.666667 3.700000
3.733333 3.766667 3.800000 3.833333 3.866667 3.900000 3.933333 3.966667 4.000000 4.033333 4.066667 4.100000 4.133333 4.166667 4.200000 4.233333
4.266667 4.300000 4.333333 4.366667 4.400000 4.433333 4.466667 4.500000 4.533333 4.566667 4.600000 4.633333 4.666667 4.700000 4.733333 4.766667
4.800000 4.833333 4.866667 4.900000 4.933333 4.966667 5.000000 5.033333 5.066667 5.100000 5.133333 5.166667 5.200000 5.233333 5.266667 5.300000
5.333333 5.366667 5.400000 5.433333 5.466667 5.500000 5.533333 5.566667 5.600000 5.633333 5.666667 5.700000 5.733333 5.766667 5.800000 5.833333
5.866667 5.900000 5.933333 5.966667 6.000000 6.033333 6.066667 6.100000 6.133333 6.166667 6.200000 6.233333 6.266667 6.300000 6.333333 6.366667
6.400000 6.433333 6.466667 6.500000 6.533333 6.566667 6.600000 6.633333 6.666667 6.700000 6.733333 6.766667 6.800000 6.833333 6.866667 6.900000
6.933333 6.966667 7.000000 7.033333 7.066667 7.100000 7.133333 7.166667 7.200000 7.233333 7.266667 7.300000 7.333333 7.366667 7.400000 7.433333
7.466667 7.500000 7.533333 7.566667 7.600000 7.633333 7.666667 7.700000 7.733333 7.766667 7.800000 7.833333 7.866667 7.900000 7.933333 7.966667
8.000000 8.033333 8.066667 8.100000 8.133333 8.166667 8.200000 8.233333 8.266667 8.300000 8.333333 8.366667 8.400000 8.433333 8.466667 8.500000
8.533333 8.566667 8.600000 8.633333 8.666667 8.700000 8.733333 8.766667 8.800000 8.833333 8.866667 8.900000 8.933333 8.966667 9.000000 9.033333
9.066667 9.100000 9.133333 9.166667 9.200000 9.233333 9.266667 9.300000 9.333333 9.366667 9.400000 9.433333 9.466667 9.500000 9.533333 9.566667
9.600000 9.633333 9.666667 9.700000 9.733333 9.766667 9.800000 9.833333 9.866667 9.900000 9.933333 9.966667 10.000000 10.033333 10.066667 10.100000
10.133333 10.166667 10.200000 10.233333 10.266667 10.300000 10.333333 10.366667 10.400000 10.433333 10.466667 10.500000 10.533333 10.566667 10.600000 10.633333
10.666667 10.700000 10.733333 10.766667 10.800000 10.833333 10.866667 10.900000 10.933333 10.966667 11.000000 11.033333 11.066667 11.100000 11.133333 11.166667
11.200000 11.233333 11.266667 11.300000 11.333333 11.366667 11.400000 11.433333 11.466667 11.500000 11.533333 11.566667 11.600000 11.633333 11.666667 11.700000
11.733333 11.766667 11.800000 11.833333 11.866667 11.900000 11.933333 11.966667 12.000000 12.033333 12.066667 12.100000 12.133333 12.166667 12.200000 12.233333
12.266667 12.300000 12.333333 12.366667 12.400000 12.433333 12.466667 12.500000 12.533333 12.566667 12.600000 12.633333 12.666667 12.700000 12.733333 12.766667
12.800000 12.833333 12.866667 12.900000 12.933333 12.966667 13.000000 13.033333 13.066667 13.100000 13.133333 13.166667 13.200000 13.233333 13.266667 13.300000
13.333333 13.366667 13.400000 13.433333 13.466667 13.500000 13.533333 13.566667 13.600000 13.633333 13.666667 13.700000 13.733333 13.766667 13.800000 13.833333
13.866667 13.900000 13.933333</float_array>
        <technique_common>
          <accessor source="#mixamorig7_Hips-Matrix-animation-input-array" count="419">
            <param name="TIME" type="float"/>
          </accessor>
        </technique_common>
      </source>
      <source id="mixamorig7_Hips-Matrix-animation-output-transform">
        <float_array id="mixamorig7_Hips-Matrix-animation-output-transform-array" count="6704">

0.999321 -0.024702 0.027326 -0.056262 0.022181 0.995784 0.089008 99.393730 -0.029409 -0.088342 0.995656 0.269582 0.000000 0.000000 0.000000 1.000000
0.999363 -0.022610 0.027606 -0.053332 0.020087 0.995878 0.088456 99.393486 -0.029492 -0.087845 0.995697 0.292619 0.000000 0.000000 0.000000 1.000000
0.999401 -0.020475 0.027890 -0.061350 0.017962 0.995998 0.087552 99.392906 -0.029571 -0.086998 0.995769 0.316097 0.000000 0.000000 0.000000 1.000000
0.999435 -0.018305 0.028179 -0.079091 0.015798 0.996102 0.086782 99.390648 -0.029657 -0.086288 0.995829 0.341920 0.000000 0.000000 0.000000 1.000000
0.999465 -0.016117 0.028469 -0.105933 0.013617 0.996208 0.085929 99.386131 -0.029746 -0.085496 0.995894 0.366020 0.000000 0.000000 0.000000 1.000000
0.999489 -0.013916 0.028760 -0.141018 0.011424 0.996311 0.085053 99.380356 -0.029838 -0.084681 0.995961 0.387612 0.000000 0.000000 0.000000 1.000000
0.999503 -0.011718 0.029271 -0.183311 0.009222 0.996424 0.083994 99.377380 -0.030150 -0.083683 0.996036 0.409037 0.000000 0.000000 0.000000 1.000000
0.999511 -0.009500 0.029803 -0.231840 0.007004 0.996547 0.082738 99.372910 -0.030486 -0.082489 0.996126 0.430120 0.000000 0.000000 0.000000 1.000000
0.999511 -0.007281 0.030403 -0.285922 0.004778 0.996654 0.081597 99.365913 -0.030896 -0.081412 0.996202 0.450470 0.000000 0.000000 0.000000 1.000000
0.999498 -0.005087 0.031268 -0.344814 0.002550 0.996738 0.080661 99.356133 -0.031576 -0.080541 0.996251 0.465454 0.000000 0.000000 0.000000 1.000000
0.999479 -0.002884 0.032135 -0.407557 0.000314 0.996818 0.079706 99.348053 -0.032263 -0.079654 0.996300 0.474723 0.000000 0.000000 0.000000 1.000000
0.999461 -0.000668 0.032835 -0.473362 -0.001920 0.996895 0.078722 99.341980 -0.032785 -0.078742 0.996356 0.488006 0.000000 0.000000 0.000000 1.000000
0.999446 0.001561 0.033246 -0.541331 -0.004146 0.996960 0.077803 99.332275 -0.033023 -0.077898 0.996414 0.507150 0.000000 0.000000 0.000000 1.000000
0.999431 0.003787 0.033518 -0.610568 -0.006357 0.997019 0.076891 99.318718 -0.033127 -0.077060 0.996476 0.527067 0.000000 0.000000 0.000000 1.000000
0.999412 0.005938 0.033770 -0.680392 -0.008507 0.997038 0.076434 99.304230 -0.033217 -0.076676 0.996503 0.547419 0.000000 0.000000 0.000000 1.000000
0.999392 0.007690 0.034022 -0.751923 -0.010278 0.997012 0.076564 99.288696 -0.033331 -0.076867 0.996484 0.570505 0.000000 0.000000 0.000000 1.000000
0.999364 0.009817 0.034278 -0.819800 -0.012408 0.997013 0.076235 99.272079 -0.033427 -0.076612 0.996501 0.592668 0.000000 0.000000 0.000000 1.000000
0.999331 0.012076 0.034522 -0.884649 -0.014663 0.997024 0.075686 99.254066 -0.033506 -0.076142 0.996534 0.612975 0.000000 0.000000 0.000000 1.000000
0.999301 0.013833 0.034737 -0.955808 -0.016429 0.997004 0.075589 99.236732 -0.033587 -0.076107 0.996534 0.639465 0.000000 0.000000 0.000000 1.000000
0.999272 0.015704 0.034765 -1.040543 -0.018293 0.996981 0.075454 99.218071 -0.033475 -0.076035 0.996543 0.663864 0.000000 0.000000 0.000000 1.000000
0.999231 0.018100 0.034792 -1.135170 -0.020669 0.996971 0.074978 99.196014 -0.033330 -0.075639 0.996578 0.681189 0.000000 0.000000 0.000000 1.000000
0.999188 0.019880 0.035052 -1.223023 -0.022466 0.996932 0.074981 99.173607 -0.033454 -0.075708 0.996569 0.700998 0.000000 0.000000 0.000000 1.000000
0.999134 0.021612 0.035567 -1.312097 -0.024237 0.996881 0.075111 99.154434 -0.033833 -0.075908 0.996541 0.720283 0.000000 0.000000 0.000000 1.000000
0.999066 0.023490 0.036280 -1.406091 -0.026168 0.996824 0.075208 99.135635 -0.034398 -0.076087 0.996508 0.740007 0.000000 0.000000 0.000000 1.000000
0.998994 0.025156 0.037112 -1.498678 -0.027897 0.996770 0.075307 99.115044 -0.035098 -0.076266 0.996470 0.757093 0.000000 0.000000 0.000000 1.000000
0.998935 0.026675 0.037646 -1.591850 -0.029447 0.996740 0.075113 99.095062 -0.035520 -0.076142 0.996464 0.771358 0.000000 0.000000 0.000000 1.000000
0.998882 0.028062 0.038031 -1.682117 -0.030851 0.996718 0.074840 99.075996 -0.035806 -0.075929 0.996470 0.792418 0.000000 0.000000 0.000000 1.000000
0.998813 0.029970 0.038399 -1.775025 -0.032751 0.996722 0.073975 99.057617 -0.036056 -0.075144 0.996521 0.816377 0.000000 0.000000 0.000000 1.000000
0.998749 0.031955 0.038466 -1.869713 -0.034695 0.996743 0.072794 99.040047 -0.036015 -0.074038 0.996605 0.835692 0.000000 0.000000 0.000000 1.000000
0.998698 0.033972 0.038068 -1.965005 -0.036641 0.996750 0.071737 99.023438 -0.035507 -0.073038 0.996697 0.855888 0.000000 0.000000 0.000000 1.000000
0.998645 0.035966 0.037623 -2.055518 -0.038581 0.996711 0.071260 99.007828 -0.034937 -0.072615 0.996748 0.879966 0.000000 0.000000 0.000000 1.000000
0.998582 0.037918 0.037377 -2.140701 -0.040499 0.996661 0.070905 98.993172 -0.034564 -0.072318 0.996783 0.901814 0.000000 0.000000 0.000000 1.000000
0.998513 0.039825 0.037221 -2.222811 -0.042379 0.996608 0.070547 98.979607 -0.034285 -0.072019 0.996814 0.923741 0.000000 0.000000 0.000000 1.000000
0.998444 0.041686 0.037045 -2.302825 -0.044210 0.996556 0.070155 98.967468 -0.033993 -0.071684 0.996848 0.951303 0.000000 0.000000 0.000000 1.000000
0.998380 0.043540 0.036621 -2.382830 -0.046014 0.996508 0.069672 98.956940 -0.033460 -0.071244 0.996898 0.984644 0.000000 0.000000 0.000000 1.000000
0.998324 0.045399 0.035880 -2.460926 -0.047797 0.996466 0.069070 98.947784 -0.032618 -0.070669 0.996966 1.020600 0.000000 0.000000 0.000000 1.000000
0.998269 0.047229 0.035048 -2.537288 -0.049546 0.996422 0.068476 98.939888 -0.031688 -0.070094 0.997037 1.056504 0.000000 0.000000 0.000000 1.000000
0.998220 0.049017 0.033983 -2.618727 -0.051242 0.996367 0.068023 98.933685 -0.030525 -0.069643 0.997105 1.095487 0.000000 0.000000 0.000000 1.000000
0.998169 0.050734 0.032939 -2.708655 -0.052872 0.996306 0.067664 98.929245 -0.029384 -0.069281 0.997164 1.139546 0.000000 0.000000 0.000000 1.000000
0.998108 0.052343 0.032246 -2.803545 -0.054421 0.996245 0.067343 98.926254 -0.028600 -0.068970 0.997209 1.184655 0.000000 0.000000 0.000000 1.000000
0.998044 0.053805 0.031834 -2.904006 -0.055845 0.996184 0.067074 98.924667 -0.028104 -0.068720 0.997240 1.230239 0.000000 0.000000 0.000000 1.000000
0.997979 0.055021 0.031789 -3.013159 -0.057050 0.996127 0.066901 98.924881 -0.027985 -0.068580 0.997253 1.275708 0.000000 0.000000 0.000000 1.000000
0.997920 0.055957 0.032019 -3.133241 -0.057994 0.996087 0.066686 98.927208 -0.028162 -0.068404 0.997260 1.321626 0.000000 0.000000 0.000000 1.000000
0.997862 0.056695 0.032504 -3.264495 -0.058758 0.996056 0.066488 98.931557 -0.028606 -0.068256 0.997258 1.363295 0.000000 0.000000 0.000000 1.000000
0.997802 0.057421 0.033086 -3.407265 -0.059521 0.996012 0.066461 98.938484 -0.029137 -0.068284 0.997240 1.397999 0.000000 0.000000 0.000000 1.000000
0.997743 0.058080 0.033711 -3.563487 -0.060225 0.995963 0.066569 98.948662 -0.029708 -0.068449 0.997212 1.427325 0.000000 0.000000 0.000000 1.000000
0.997681 0.058567 0.034679 -3.735082 -0.060790 0.995902 0.066965 98.962181 -0.030615 -0.068918 0.997152 1.448707 0.000000 0.000000 0.000000 1.000000
0.997611 0.058963 0.035999 -3.921394 -0.061300 0.995821 0.067702 98.978546 -0.031856 -0.069747 0.997056 1.462096 0.000000 0.000000 0.000000 1.000000
0.997538 0.059286 0.037469 -4.121106 -0.061747 0.995749 0.068349 98.997986 -0.033258 -0.070494 0.996958 1.473666 0.000000 0.000000 0.000000 1.000000
0.997482 0.059393 0.038770 -4.335809 -0.061958 0.995710 0.068717 99.020775 -0.034522 -0.070946 0.996883 1.486103 0.000000 0.000000 0.000000 1.000000
0.997436 0.059295 0.040065 -4.566358 -0.061969 0.995678 0.069172 99.046135 -0.035790 -0.071478 0.996800 1.493993 0.000000 0.000000 0.000000 1.000000
0.997379 0.059162 0.041649 -4.812142 -0.061960 0.995659 0.069452 99.073631 -0.037359 -0.071850 0.996716 1.488695 0.000000 0.000000 0.000000 1.000000
0.997302 0.059097 0.043551 -5.072049 -0.062035 0.995651 0.069509 99.103096 -0.039254 -0.072023 0.996630 1.469800 0.000000 0.000000 0.000000 1.000000
0.997224 0.058879 0.045577 -5.345547 -0.061970 0.995643 0.069681 99.134422 -0.041276 -0.072312 0.996528 1.442286 0.000000 0.000000 0.000000 1.000000
0.997158 0.058197 0.047839 -5.631410 -0.061469 0.995649 0.070034 99.167534 -0.043555 -0.072776 0.996397 1.409995 0.000000 0.000000 0.000000 1.000000
0.997081 0.057377 0.050365 -5.924767 -0.060834 0.995689 0.070014 99.202065 -0.046130 -0.072873 0.996274 1.369218 0.000000 0.000000 0.000000 1.000000
0.996987 0.056569 0.053072 -6.226699 -0.060210 0.995749 0.069704 99.237679 -0.048903 -0.072689 0.996155 1.317774 0.000000 0.000000 0.000000 1.000000
0.996919 0.055179 0.055750 -6.540636 -0.059032 0.995797 0.070020 99.273849 -0.051652 -0.073095 0.995987 1.256604 0.000000 0.000000 0.000000 1.000000
0.996817 0.054034 0.058624 -6.859500 -0.058102 0.995849 0.070067 99.310043 -0.054595 -0.073250 0.995818 1.180775 0.000000 0.000000 0.000000 1.000000
0.996656 0.053582 0.061697 -7.183346 -0.057843 0.995905 0.069475 99.347488 -0.057722 -0.072811 0.995674 1.098017 0.000000 0.000000 0.000000 1.000000
0.996499 0.052889 0.064753 -7.511238 -0.057376 0.995930 0.069507 99.384644 -0.060813 -0.072979 0.995478 1.015534 0.000000 0.000000 0.000000 1.000000
0.996316 0.052281 0.067980 -7.840356 -0.057038 0.995913 0.070027 99.417130 -0.064041 -0.073647 0.995226 0.927311 0.000000 0.000000 0.000000 1.000000
0.996077 0.052046 0.071573 -8.172021 -0.057125 0.995850 0.070850 99.449081 -0.067588 -0.074661 0.994916 0.836451 0.000000 0.000000 0.000000 1.000000
0.995813 0.051882 0.075266 -8.506131 -0.057344 0.995732 0.072321 99.480202 -0.071192 -0.076334 0.994537 0.738619 0.000000 0.000000 0.000000 1.000000
0.995558 0.051638 0.078724 -8.844625 -0.057487 0.995604 0.073947 99.510025 -0.074560 -0.078144 0.994150 0.623331 0.000000 0.000000 0.000000 1.000000
0.995287 0.051317 0.082281 -9.179372 -0.057579 0.995472 0.075627 99.537735 -0.078028 -0.080008 0.993736 0.490975 0.000000 0.000000 0.000000 1.000000
0.994953 0.051070 0.086375 -9.506351 -0.057797 0.995333 0.077271 99.562065 -0.082026 -0.081873 0.993262 0.345728 0.000000 0.000000 0.000000 1.000000
0.994545 0.051565 0.090668 -9.826692 -0.058761 0.995175 0.078577 99.581970 -0.086179 -0.083476 0.992776 0.181368 0.000000 0.000000 0.000000 1.000000
0.994126 0.052299 0.094755 -10.134190 -0.059970 0.994989 0.080007 99.597542 -0.090096 -0.085219 0.992280 -0.004692 0.000000 0.000000 0.000000 1.000000
0.993758 0.052479 0.098440 -10.428202 -0.060661 0.994781 0.082046 99.543152 -0.093621 -0.087506 0.991755 -0.200298 0.000000 0.000000 0.000000 1.000000
0.993464 0.052472 0.101372 -10.703506 -0.061084 0.994608 0.083805 99.480095 -0.096428 -0.089450 0.991312 -0.389035 0.000000 0.000000 0.000000 1.000000
0.993313 0.051799 0.103176 -10.943703 -0.060696 0.994526 0.085052 99.441910 -0.098205 -0.090745 0.991020 -0.556201 0.000000 0.000000 0.000000 1.000000
0.993374 0.050438 0.103269 -11.145049 -0.059475 0.994485 0.086388 99.426064 -0.098342 -0.091957 0.990895 -0.698693 0.000000 0.000000 0.000000 1.000000
0.993541 0.048414 0.102631 -11.304983 -0.057548 0.994457 0.087996 99.435760 -0.097802 -0.093334 0.990820 -0.815590 0.000000 0.000000 0.000000 1.000000
0.993647 0.045647 0.102865 -11.417181 -0.054931 0.994489 0.089302 99.461731 -0.098222 -0.094385 0.990679 -0.907078 0.000000 0.000000 0.000000 1.000000
0.993648 0.042659 0.104134 -11.481300 -0.052150 0.994558 0.090194 99.486145 -0.099720 -0.095052 0.990465 -0.976667 0.000000 0.000000 0.000000 1.000000
0.993542 0.039892 0.106221 -11.511703 -0.049645 0.994630 0.090810 99.504074 -0.102028 -0.095497 0.990187 -1.028044 0.000000 0.000000 0.000000 1.000000
0.993318 0.037207 0.109248 -11.519655 -0.047293 0.994705 0.091240 99.514931 -0.105275 -0.095797 0.989818 -1.072105 0.000000 0.000000 0.000000 1.000000
0.992940 0.034529 0.113480 -11.504269 -0.045057 0.994779 0.091567 99.518143 -0.109726 -0.096034 0.989312 -1.119014 0.000000 0.000000 0.000000 1.000000
0.992421 0.031903 0.118670 -11.464561 -0.043046 0.994777 0.092556 99.518425 -0.115097 -0.096963 0.988611 -1.172806 0.000000 0.000000 0.000000 1.000000
0.991878 0.029376 0.123751 -11.406882 -0.041294 0.994633 0.094871 99.523285 -0.120299 -0.099211 0.987768 -1.220500 0.000000 0.000000 0.000000 1.000000
0.991443 0.027110 0.127696 -11.329772 -0.039754 0.994438 0.097533 99.535637 -0.124341 -0.101775 0.987006 -1.247285 0.000000 0.000000 0.000000 1.000000
0.991177 0.025192 0.130128 -11.226007 -0.038389 0.994254 0.099929 99.549614 -0.126863 -0.104042 0.986449 -1.253412 0.000000 0.000000 0.000000 1.000000
0.991070 0.023411 0.131273 -11.085012 -0.037049 0.994050 0.102430 99.560577 -0.128094 -0.106379 0.986040 -1.237057 0.000000 0.000000 0.000000 1.000000
0.991055 0.021850 0.131655 -10.899175 -0.035858 0.993827 0.104983 99.574265 -0.128548 -0.108764 0.985721 -1.196556 0.000000 0.000000 0.000000 1.000000
0.991031 0.020700 0.132021 -10.665388 -0.035095 0.993568 0.107658 99.597099 -0.128943 -0.111326 0.985383 -1.136170 0.000000 0.000000 0.000000 1.000000
0.990937 0.019264 0.132936 -10.385475 -0.034184 0.993246 0.110881 99.629944 -0.129902 -0.114420 0.984903 -1.062134 0.000000 0.000000 0.000000 1.000000
0.990777 0.017279 0.134395 -10.069454 -0.032795 0.992927 0.114111 99.678055 -0.131473 -0.117466 0.984336 -0.982206 0.000000 0.000000 0.000000 1.000000
0.990593 0.014872 0.136031 -9.728938 -0.030932 0.992682 0.116726 99.757957 -0.133299 -0.119836 0.983804 -0.898232 0.000000 0.000000 0.000000 1.000000
0.990451 0.011663 0.137372 -9.375825 -0.028214 0.992474 0.119158 99.868416 -0.134949 -0.121896 0.983326 -0.814621 0.000000 0.000000 0.000000 1.000000
0.990309 0.007682 0.138666 -9.014650 -0.024757 0.992242 0.121833 99.988205 -0.136654 -0.124086 0.982817 -0.734344 0.000000 0.000000 0.000000 1.000000
0.990148 0.004270 0.139963 -8.645444 -0.021780 0.992067 0.123812 100.102318 -0.138323 -0.125641 0.982385 -0.656306 0.000000 0.000000 0.000000 1.000000
0.989980 0.001682 0.141199 -8.270979 -0.019537 0.991944 0.125163 100.197403 -0.139850 -0.126668 0.982037 -0.587527 0.000000 0.000000 0.000000 1.000000
0.989752 -0.000942 0.142793 -7.897955 -0.017298 0.991823 0.126443 100.272385 -0.141745 -0.127617 0.981643 -0.536527 0.000000 0.000000 0.000000 1.000000
0.989610 -0.003380 0.143736 -7.534670 -0.015032 0.991812 0.126817 100.319611 -0.142987 -0.127660 0.981457 -0.498036 0.000000 0.000000 0.000000 1.000000
0.989644 -0.004890 0.143458 -7.191717 -0.013348 0.991953 0.125898 100.339607 -0.142920 -0.126509 0.981616 -0.477412 0.000000 0.000000 0.000000 1.000000
0.989706 -0.006122 0.142985 -6.870181 -0.011862 0.992138 0.124586 100.356148 -0.142623 -0.124999 0.981852 -0.484177 0.000000 0.000000 0.000000 1.000000
0.989715 -0.007505 0.142859 -6.561762 -0.010311 0.992283 0.123563 100.366096 -0.142684 -0.123765 0.982000 -0.522708 0.000000 0.000000 0.000000 1.000000
0.989757 -0.008865 0.142485 -6.255736 -0.008807 0.992377 0.122920 100.369476 -0.142489 -0.122916 0.982135 -0.595610 0.000000 0.000000 0.000000 1.000000
0.989932 -0.009438 0.141230 -5.961036 -0.007866 0.992564 0.121467 100.363159 -0.141327 -0.121355 0.982497 -0.704297 0.000000 0.000000 0.000000 1.000000
0.990228 -0.009599 0.139128 -5.683951 -0.007208 0.992773 0.119791 100.350182 -0.139272 -0.119624 0.983002 -0.831192 0.000000 0.000000 0.000000 1.000000
0.990616 -0.010126 0.136297 -5.416053 -0.006189 0.992905 0.118749 100.340904 -0.136533 -0.118478 0.983525 -0.956485 0.000000 0.000000 0.000000 1.000000
0.991076 -0.010828 0.132858 -5.153480 -0.004921 0.993044 0.117644 100.333809 -0.133207 -0.117248 0.984128 -1.076468 0.000000 0.000000 0.000000 1.000000
0.991485 -0.011416 0.129718 -4.895006 -0.003776 0.993211 0.116269 100.328598 -0.130165 -0.115769 0.984711 -1.189745 0.000000 0.000000 0.000000 1.000000
0.991800 -0.011909 0.127241 -4.640383 -0.002817 0.993370 0.114927 100.325600 -0.127766 -0.114343 0.985191 -1.298971 0.000000 0.000000 0.000000 1.000000
0.992048 -0.012892 0.125195 -4.380936 -0.001497 0.993461 0.114163 100.321114 -0.125848 -0.113442 0.985542 -1.408148 0.000000 0.000000 0.000000 1.000000
0.992263 -0.013552 0.123412 -4.121600 -0.000509 0.993573 0.113196 100.314987 -0.124153 -0.112383 0.985878 -1.524267 0.000000 0.000000 0.000000 1.000000
0.992519 -0.013935 0.121293 -3.853246 0.000357 0.993792 0.111253 100.308800 -0.122090 -0.110377 0.986362 -1.644324 0.000000 0.000000 0.000000 1.000000
0.992753 -0.014590 0.119285 -3.579355 0.001491 0.994022 0.109173 100.298691 -0.120165 -0.108204 0.986840 -1.768440 0.000000 0.000000 0.000000 1.000000
0.992803 -0.015403 0.118765 -3.317415 0.002470 0.994117 0.108285 100.283905 -0.119734 -0.107213 0.987000 -1.895660 0.000000 0.000000 0.000000 1.000000
0.992797 -0.016443 0.118678 -3.059285 0.003572 0.994160 0.107858 100.268494 -0.119758 -0.106657 0.987057 -2.015090 0.000000 0.000000 0.000000 1.000000
0.992793 -0.017888 0.118496 -2.800410 0.005025 0.994141 0.107975 100.255112 -0.119733 -0.106602 0.987066 -2.113401 0.000000 0.000000 0.000000 1.000000
0.992737 -0.018981 0.118796 -2.538733 0.006040 0.994093 0.108360 100.246483 -0.120152 -0.106856 0.986988 -2.188141 0.000000 0.000000 0.000000 1.000000
0.992588 -0.019540 0.119948 -2.276527 0.006423 0.994045 0.108783 100.239227 -0.121360 -0.107207 0.986802 -2.238179 0.000000 0.000000 0.000000 1.000000
0.992401 -0.020305 0.121362 -2.016708 0.006983 0.993995 0.109203 100.232208 -0.122851 -0.107526 0.986583 -2.259882 0.000000 0.000000 0.000000 1.000000
0.992202 -0.020586 0.122929 -1.761183 0.007041 0.993949 0.109619 100.229805 -0.124441 -0.107899 0.986343 -2.263870 0.000000 0.000000 0.000000 1.000000
0.992041 -0.020683 0.124203 -1.513682 0.006948 0.993906 0.110016 100.228157 -0.125722 -0.108277 0.986139 -2.270166 0.000000 0.000000 0.000000 1.000000
0.991974 -0.021517 0.124597 -1.274186 0.007687 0.993854 0.110435 100.221176 -0.126207 -0.108590 0.986043 -2.292946 0.000000 0.000000 0.000000 1.000000
0.991948 -0.022834 0.124574 -1.050803 0.008941 0.993785 0.110961 100.210739 -0.126333 -0.108954 0.985986 -2.327862 0.000000 0.000000 0.000000 1.000000
0.991928 -0.024180 0.124472 -0.840547 0.010219 0.993701 0.111599 100.200623 -0.126386 -0.109427 0.985927 -2.361136 0.000000 0.000000 0.000000 1.000000
0.991913 -0.025717 0.124283 -0.636188 0.011716 0.993628 0.112099 100.189728 -0.126374 -0.109736 0.985894 -2.389045 0.000000 0.000000 0.000000 1.000000
0.991981 -0.027081 0.123449 -0.439645 0.013119 0.993561 0.112537 100.178139 -0.125702 -0.110015 0.985949 -2.414307 0.000000 0.000000 0.000000 1.000000
0.992073 -0.028269 0.122444 -0.254864 0.014309 0.993444 0.113419 100.167747 -0.124847 -0.110768 0.985973 -2.431477 0.000000 0.000000 0.000000 1.000000
0.992119 -0.029907 0.121679 -0.091494 0.015847 0.993249 0.114919 100.158562 -0.124294 -0.112085 0.985894 -2.442524 0.000000 0.000000 0.000000 1.000000
0.992124 -0.031774 0.121165 0.042189 0.017575 0.993035 0.116500 100.150673 -0.124023 -0.113453 0.985772 -2.452248 0.000000 0.000000 0.000000 1.000000
0.992155 -0.033624 0.120406 0.146177 0.019317 0.992817 0.118070 100.144196 -0.123511 -0.114818 0.985678 -2.458850 0.000000 0.000000 0.000000 1.000000
0.992261 -0.035834 0.118887 0.219828 0.021554 0.992625 0.119293 100.138893 -0.122285 -0.115807 0.985716 -2.459873 0.000000 0.000000 0.000000 1.000000
0.992400 -0.038548 0.116863 0.260218 0.024386 0.992440 0.120283 100.157684 -0.120616 -0.116519 0.985837 -2.450087 0.000000 0.000000 0.000000 1.000000
0.992536 -0.041215 0.114779 0.273866 0.027242 0.992309 0.120752 100.168007 -0.118873 -0.116724 0.986025 -2.430632 0.000000 0.000000 0.000000 1.000000
0.992700 -0.043210 0.112601 0.258945 0.029525 0.992276 0.120487 100.192177 -0.116937 -0.116283 0.986308 -2.409495 0.000000 0.000000 0.000000 1.000000
0.992891 -0.045067 0.110168 0.216351 0.031711 0.992254 0.120109 100.226974 -0.114728 -0.115762 0.986629 -2.385581 0.000000 0.000000 0.000000 1.000000
0.993104 -0.047409 0.107225 0.157699 0.034386 0.992154 0.120196 100.261139 -0.112083 -0.115680 0.986943 -2.352876 0.000000 0.000000 0.000000 1.000000
0.993407 -0.049824 0.103243 0.081168 0.037222 0.992006 0.120580 100.286438 -0.108426 -0.115942 0.987320 -2.318244 0.000000 0.000000 0.000000 1.000000
0.993771 -0.051843 0.098650 -0.018403 0.039738 0.991864 0.120943 100.301842 -0.104117 -0.116269 0.987745 -2.283785 0.000000 0.000000 0.000000 1.000000
0.994128 -0.053842 0.093864 -0.131834 0.042213 0.991664 0.121743 100.308258 -0.099637 -0.117066 0.988113 -2.247364 0.000000 0.000000 0.000000 1.000000
0.994516 -0.055796 0.088455 -0.255484 0.044679 0.991397 0.123026 100.308029 -0.094558 -0.118399 0.988454 -2.207276 0.000000 0.000000 0.000000 1.000000
0.994943 -0.057663 0.082236 -0.399487 0.047060 0.990977 0.125500 100.303101 -0.088731 -0.120995 0.988679 -2.148978 0.000000 0.000000 0.000000 1.000000
0.995289 -0.059987 0.076162 -0.556236 0.049855 0.990443 0.128600 100.292503 -0.083148 -0.124197 0.988768 -2.071186 0.000000 0.000000 0.000000 1.000000
0.995535 -0.062428 0.070795 -0.710711 0.052778 0.990000 0.130825 100.280907 -0.078254 -0.126505 0.988875 -1.989205 0.000000 0.000000 0.000000 1.000000
0.995768 -0.064262 0.065707 -0.866438 0.055126 0.989654 0.132465 100.279297 -0.073539 -0.128282 0.989007 -1.901637 0.000000 0.000000 0.000000 1.000000
0.995968 -0.065959 0.060799 -1.022774 0.057358 0.989357 0.133724 100.281761 -0.068973 -0.129698 0.989152 -1.807844 0.000000 0.000000 0.000000 1.000000
0.996139 -0.067428 0.056218 -1.180070 0.059361 0.989129 0.134534 100.276215 -0.064678 -0.130677 0.989313 -1.715867 0.000000 0.000000 0.000000 1.000000
0.996298 -0.068247 0.052268 -1.338968 0.060640 0.988935 0.135390 100.265099 -0.060930 -0.131719 0.989413 -1.631709 0.000000 0.000000 0.000000 1.000000
0.996425 -0.068730 0.049119 -1.495484 0.061481 0.988755 0.136319 100.247879 -0.057935 -0.132811 0.989447 -1.554966 0.000000 0.000000 0.000000 1.000000
0.996571 -0.068527 0.046367 -1.655941 0.061639 0.988727 0.136456 100.221283 -0.055195 -0.133130 0.989561 -1.482436 0.000000 0.000000 0.000000 1.000000
0.996764 -0.067631 0.043457 -1.822729 0.061171 0.988841 0.135837 100.196884 -0.052159 -0.132739 0.989778 -1.411121 0.000000 0.000000 0.000000 1.000000
0.996903 -0.067821 0.039819 -1.988706 0.061825 0.988745 0.136237 100.184784 -0.048610 -0.133353 0.989876 -1.335455 0.000000 0.000000 0.000000 1.000000
0.997009 -0.068634 0.035542 -2.152865 0.063188 0.988615 0.136554 100.182846 -0.044510 -0.133900 0.989995 -1.258448 0.000000 0.000000 0.000000 1.000000
0.997135 -0.068849 0.031337 -2.315808 0.064010 0.988710 0.135481 100.182564 -0.040311 -0.133087 0.990284 -1.189950 0.000000 0.000000 0.000000 1.000000
0.997253 -0.068847 0.027326 -2.478523 0.064581 0.988815 0.134439 100.178970 -0.036276 -0.132305 0.990545 -1.129093 0.000000 0.000000 0.000000 1.000000
0.997355 -0.068853 0.023305 -2.640234 0.065144 0.988883 0.133669 100.173309 -0.032249 -0.131797 0.990752 -1.072965 0.000000 0.000000 0.000000 1.000000
0.997433 -0.068976 0.019233 -2.799466 0.065828 0.988950 0.132833 100.170837 -0.028182 -0.131226 0.990952 -1.020910 0.000000 0.000000 0.000000 1.000000
0.997499 -0.069122 0.014742 -2.952931 0.066585 0.989027 0.131880 100.176941 -0.023696 -0.130568 0.991156 -0.966147 0.000000 0.000000 0.000000 1.000000
0.997550 -0.069275 0.009779 -3.099418 0.067405 0.989098 0.130930 100.193039 -0.018743 -0.129950 0.991343 -0.900730 0.000000 0.000000 0.000000 1.000000
0.997577 -0.069399 0.004956 -3.237616 0.068173 0.989208 0.129688 100.215286 -0.013903 -0.129036 0.991542 -0.822979 0.000000 0.000000 0.000000 1.000000
0.997605 -0.069165 0.000687 -3.364154 0.068510 0.989419 0.127894 100.240875 -0.009526 -0.127540 0.991788 -0.735552 0.000000 0.000000 0.000000 1.000000
0.997633 -0.068693 -0.003019 -3.480001 0.068525 0.989659 0.126011 100.270561 -0.005668 -0.125919 0.992024 -0.643821 0.000000 0.000000 0.000000 1.000000
0.997642 -0.068352 -0.006259 -3.588944 0.068599 0.989820 0.124699 100.295776 -0.002328 -0.124834 0.992175 -0.562553 0.000000 0.000000 0.000000 1.000000
0.997617 -0.068417 -0.008922 -3.691920 0.068996 0.989879 0.124011 100.310829 0.000347 -0.124331 0.992241 -0.503684 0.000000 0.000000 0.000000 1.000000
0.997607 -0.068338 -0.010534 -3.791781 0.069116 0.989969 0.123228 100.317970 0.002008 -0.123661 0.992322 -0.463412 0.000000 0.000000 0.000000 1.000000
0.997618 -0.068095 -0.010999 -3.886057 0.068930 0.990124 0.122078 100.321426 0.002577 -0.122545 0.992460 -0.433800 0.000000 0.000000 0.000000 1.000000
0.997626 -0.067982 -0.011017 -3.968786 0.068816 0.990298 0.120724 100.324097 0.002703 -0.121196 0.992625 -0.406566 0.000000 0.000000 0.000000 1.000000
0.997643 -0.067746 -0.010935 -4.040060 0.068568 0.990503 0.119177 100.329842 0.002757 -0.119645 0.992813 -0.377179 0.000000 0.000000 0.000000 1.000000
0.997667 -0.067408 -0.010831 -4.101028 0.068214 0.990744 0.117358 100.341454 0.002820 -0.117823 0.993031 -0.344933 0.000000 0.000000 0.000000 1.000000
0.997705 -0.066863 -0.010701 -4.152223 0.067652 0.990998 0.115522 100.354408 0.002881 -0.115980 0.993247 -0.308686 0.000000 0.000000 0.000000 1.000000
0.997744 -0.066296 -0.010533 -4.193877 0.067066 0.991203 0.114100 100.370232 0.002876 -0.114549 0.993413 -0.269599 0.000000 0.000000 0.000000 1.000000
0.997774 -0.065878 -0.010328 -4.224231 0.066625 0.991347 0.113104 100.386070 0.002788 -0.113541 0.993529 -0.230179 0.000000 0.000000 0.000000 1.000000
0.997809 -0.065392 -0.010062 -4.244696 0.066110 0.991473 0.112300 100.399460 0.002633 -0.112719 0.993623 -0.194144 0.000000 0.000000 0.000000 1.000000
0.997860 -0.064678 -0.009561 -4.256823 0.065343 0.991576 0.111841 100.407875 0.002247 -0.112226 0.993680 -0.161927 0.000000 0.000000 0.000000 1.000000
0.997919 -0.063885 -0.008709 -4.259765 0.064459 0.991642 0.111760 100.415703 0.001496 -0.112089 0.993697 -0.129600 0.000000 0.000000 0.000000 1.000000
0.997981 -0.063051 -0.007653 -4.253043 0.063512 0.991695 0.111838 100.424339 0.000538 -0.112098 0.993697 -0.096356 0.000000 0.000000 0.000000 1.000000
0.998041 -0.062211 -0.006561 -4.238609 0.062554 0.991733 0.112040 100.433838 -0.000463 -0.112231 0.993682 -0.067035 0.000000 0.000000 0.000000 1.000000
0.998098 -0.061402 -0.005520 -4.215153 0.061634 0.991769 0.112233 100.444221 -0.001416 -0.112360 0.993667 -0.042016 0.000000 0.000000 0.000000 1.000000
0.998140 -0.060805 -0.004423 -4.180401 0.060915 0.991756 0.112737 100.455124 -0.002469 -0.112797 0.993615 -0.023961 0.000000 0.000000 0.000000 1.000000
0.998158 -0.060583 -0.003146 -4.141304 0.060549 0.991694 0.113480 100.463470 -0.003755 -0.113461 0.993535 -0.013880 0.000000 0.000000 0.000000 1.000000
0.998202 -0.059911 -0.001611 -4.107801 0.059707 0.991754 0.113394 100.470268 -0.005196 -0.113286 0.993549 -0.004298 0.000000 0.000000 0.000000 1.000000
0.998253 -0.059081 -0.000138 -4.071038 0.058717 0.991844 0.113124 100.471245 -0.006546 -0.112934 0.993581 0.003466 0.000000 0.000000 0.000000 1.000000
0.998306 -0.058169 0.001071 -4.035731 0.057679 0.991967 0.112585 100.460541 -0.007612 -0.112333 0.993641 0.000001 0.000000 0.000000 0.000000 1.000000
0.998340 -0.057552 0.002373 -4.002592 0.056928 0.992122 0.111596 100.441772 -0.008777 -0.111276 0.993751 -0.010765 0.000000 0.000000 0.000000 1.000000
0.998349 -0.057303 0.003886 -3.964894 0.056521 0.992241 0.110738 100.421097 -0.010201 -0.110335 0.993842 -0.015463 0.000000 0.000000 0.000000 1.000000
0.998383 -0.056608 0.005255 -3.932478 0.055693 0.992418 0.109571 100.392471 -0.011418 -0.109101 0.993965 -0.015622 0.000000 0.000000 0.000000 1.000000
0.998421 -0.055776 0.006651 -3.910590 0.054730 0.992612 0.108288 100.361061 -0.012642 -0.107753 0.994097 -0.023172 0.000000 0.000000 0.000000 1.000000
0.998441 -0.055172 0.008437 -3.896594 0.053955 0.992787 0.107060 100.328629 -0.014283 -0.106438 0.994217 -0.032768 0.000000 0.000000 0.000000 1.000000
0.998473 -0.054306 0.010171 -3.887528 0.052932 0.992991 0.105673 100.291718 -0.015839 -0.104973 0.994349 -0.036127 0.000000 0.000000 0.000000 1.000000
0.998516 -0.053199 0.011671 -3.881071 0.051691 0.993165 0.104645 100.249916 -0.017159 -0.103886 0.994441 -0.037686 0.000000 0.000000 0.000000 1.000000
0.998555 -0.052184 0.012840 -3.878016 0.050564 0.993250 0.104391 100.208015 -0.018201 -0.103590 0.994453 -0.043774 0.000000 0.000000 0.000000 1.000000
0.998575 -0.051608 0.013611 -3.879419 0.049903 0.993237 0.104836 100.168762 -0.018930 -0.104008 0.994396 -0.056297 0.000000 0.000000 0.000000 1.000000
0.998593 -0.051050 0.014316 -3.883572 0.049264 0.993212 0.105372 100.131653 -0.019598 -0.104519 0.994330 -0.075220 0.000000 0.000000 0.000000 1.000000
0.998608 -0.050467 0.015325 -3.890348 0.048575 0.993227 0.105553 100.095360 -0.020548 -0.104662 0.994296 -0.096513 0.000000 0.000000 0.000000 1.000000
0.998612 -0.049937 0.016749 -3.900311 0.047903 0.993281 0.105352 100.062706 -0.021898 -0.104403 0.994294 -0.118265 0.000000 0.000000 0.000000 1.000000
0.998623 -0.049238 0.018112 -3.912920 0.047080 0.993386 0.104730 100.037231 -0.023149 -0.103733 0.994336 -0.143984 0.000000 0.000000 0.000000 1.000000
0.998623 -0.048822 0.019191 -3.927594 0.046560 0.993437 0.104478 100.015099 -0.024166 -0.103441 0.994342 -0.175434 0.000000 0.000000 0.000000 1.000000
0.998621 -0.048514 0.020048 -3.944566 0.046169 0.993470 0.104331 99.993103 -0.024978 -0.103262 0.994341 -0.213865 0.000000 0.000000 0.000000 1.000000
0.998626 -0.048022 0.020975 -3.962922 0.045587 0.993513 0.104180 99.973862 -0.025842 -0.103081 0.994337 -0.261676 0.000000 0.000000 0.000000 1.000000
0.998628 -0.047468 0.022118 -3.984077 0.044924 0.993566 0.103967 99.960869 -0.026911 -0.102831 0.994335 -0.307271 0.000000 0.000000 0.000000 1.000000
0.998631 -0.046921 0.023136 -4.006582 0.044282 0.993617 0.103755 99.954163 -0.027857 -0.102588 0.994334 -0.346222 0.000000 0.000000 0.000000 1.000000
0.998648 -0.046112 0.023977 -4.025913 0.043396 0.993677 0.103546 99.953903 -0.028600 -0.102366 0.994336 -0.383964 0.000000 0.000000 0.000000 1.000000
0.998672 -0.045190 0.024754 -4.045828 0.042406 0.993742 0.103336 99.962265 -0.029269 -0.102149 0.994338 -0.416389 0.000000 0.000000 0.000000 1.000000
0.998700 -0.044189 0.025428 -4.068773 0.041347 0.993810 0.103116 99.978958 -0.029827 -0.101930 0.994344 -0.443392 0.000000 0.000000 0.000000 1.000000
0.998726 -0.043158 0.026139 -4.095058 0.040256 0.993879 0.102882 99.998085 -0.030419 -0.101699 0.994350 -0.469310 0.000000 0.000000 0.000000 1.000000
0.998750 -0.042136 0.026886 -4.120615 0.039171 0.993949 0.102623 100.015327 -0.031047 -0.101442 0.994357 -0.494160 0.000000 0.000000 0.000000 1.000000
0.998766 -0.041166 0.027789 -4.142371 0.038123 0.994019 0.102337 100.031273 -0.031835 -0.101151 0.994362 -0.516857 0.000000 0.000000 0.000000 1.000000
0.998775 -0.040319 0.028690 -4.164454 0.037199 0.994087 0.102019 100.048218 -0.032633 -0.100827 0.994369 -0.535900 0.000000 0.000000 0.000000 1.000000
0.998779 -0.039511 0.029669 -4.186146 0.036312 0.994168 0.101546 100.068710 -0.033508 -0.100345 0.994388 -0.544737 0.000000 0.000000 0.000000 1.000000
0.998783 -0.038622 0.030683 -4.205039 0.035347 0.994269 0.100897 100.088661 -0.034404 -0.099689 0.994424 -0.543347 0.000000 0.000000 0.000000 1.000000
0.998801 -0.037496 0.031468 -4.222804 0.034180 0.994401 0.099992 100.107040 -0.035041 -0.098796 0.994491 -0.541742 0.000000 0.000000 0.000000 1.000000
0.998813 -0.036429 0.032339 -4.241086 0.033062 0.994521 0.099172 100.125427 -0.035774 -0.097985 0.994545 -0.536124 0.000000 0.000000 0.000000 1.000000
0.998806 -0.035629 0.033436 -4.256753 0.032177 0.994601 0.098656 100.142227 -0.036771 -0.097463 0.994560 -0.521796 0.000000 0.000000 0.000000 1.000000
0.998799 -0.034641 0.034648 -4.268552 0.031099 0.994699 0.098018 100.157333 -0.037859 -0.096823 0.994581 -0.506280 0.000000 0.000000 0.000000 1.000000
0.998792 -0.033613 0.035842 -4.278798 0.029976 0.994776 0.097584 100.171684 -0.038934 -0.096392 0.994582 -0.485318 0.000000 0.000000 0.000000 1.000000
0.998779 -0.032850 0.036900 -4.285325 0.029122 0.994820 0.097386 100.182915 -0.039908 -0.096193 0.994562 -0.458865 0.000000 0.000000 0.000000 1.000000
0.998773 -0.031822 0.037950 -4.292224 0.028002 0.994865 0.097258 100.191055 -0.040851 -0.096076 0.994535 -0.436997 0.000000 0.000000 0.000000 1.000000
0.998755 -0.030891 0.039161 -4.296875 0.026963 0.994906 0.097129 100.199707 -0.041962 -0.095952 0.994501 -0.413390 0.000000 0.000000 0.000000 1.000000
0.998731 -0.030252 0.040271 -4.296377 0.026229 0.994946 0.096924 100.208328 -0.043000 -0.095745 0.994477 -0.385052 0.000000 0.000000 0.000000 1.000000
0.998723 -0.029233 0.041203 -4.298839 0.025149 0.995027 0.096381 100.215599 -0.043815 -0.095221 0.994491 -0.356126 0.000000 0.000000 0.000000 1.000000
0.998719 -0.028081 0.042092 -4.302185 0.023956 0.995143 0.095476 100.223694 -0.044568 -0.094345 0.994541 -0.325936 0.000000 0.000000 0.000000 1.000000
0.998708 -0.027214 0.042906 -4.300628 0.023044 0.995225 0.094848 100.231293 -0.045283 -0.093737 0.994567 -0.293573 0.000000 0.000000 0.000000 1.000000
0.998706 -0.026895 0.043158 -4.304442 0.022699 0.995226 0.094917 100.237091 -0.045505 -0.093815 0.994549 -0.255818 0.000000 0.000000 0.000000 1.000000
0.998708 -0.026467 0.043378 -4.310619 0.022251 0.995232 0.094962 100.242645 -0.045685 -0.093874 0.994535 -0.216064 0.000000 0.000000 0.000000 1.000000
0.998712 -0.025469 0.043872 -4.315581 0.021239 0.995315 0.094328 100.245911 -0.046069 -0.093274 0.994574 -0.182689 0.000000 0.000000 0.000000 1.000000
0.998730 -0.024393 0.044081 -4.321776 0.020176 0.995396 0.093700 100.248085 -0.046164 -0.092692 0.994624 -0.152431 0.000000 0.000000 0.000000 1.000000
0.998756 -0.023234 0.044125 -4.330510 0.019033 0.995452 0.093341 100.250114 -0.046093 -0.092385 0.994656 -0.119296 0.000000 0.000000 0.000000 1.000000
0.998792 -0.021680 0.044102 -4.347071 0.017532 0.995571 0.092367 100.250610 -0.045909 -0.091482 0.994748 -0.084729 0.000000 0.000000 0.000000 1.000000
0.998832 -0.020079 0.043946 -4.363710 0.015999 0.995695 0.091296 100.250343 -0.045590 -0.090486 0.994854 -0.052521 0.000000 0.000000 0.000000 1.000000
0.998860 -0.019207 0.043706 -4.375891 0.015155 0.995716 0.091211 100.250648 -0.045271 -0.090444 0.994872 -0.020067 0.000000 0.000000 0.000000 1.000000
0.998885 -0.018513 0.043425 -4.390292 0.014482 0.995712 0.091363 100.250320 -0.044930 -0.090632 0.994870 0.013287 0.000000 0.000000 0.000000 1.000000
0.998916 -0.017446 0.043159 -4.411739 0.013452 0.995744 0.091171 100.247993 -0.044566 -0.090492 0.994900 0.042311 0.000000 0.000000 0.000000 1.000000
0.998946 -0.016296 0.042901 -4.437654 0.012336 0.995775 0.090991 100.245056 -0.044203 -0.090366 0.994927 0.070152 0.000000 0.000000 0.000000 1.000000
0.998973 -0.015375 0.042619 -4.463967 0.011453 0.995804 0.090797 100.243431 -0.043836 -0.090216 0.994957 0.100717 0.000000 0.000000 0.000000 1.000000
0.999002 -0.014519 0.042245 -4.494616 0.010643 0.995834 0.090560 100.241783 -0.043384 -0.090020 0.994995 0.129435 0.000000 0.000000 0.000000 1.000000
0.999025 -0.013698 0.041974 -4.529541 0.009866 0.995876 0.090185 100.240158 -0.043036 -0.089683 0.995040 0.156258 0.000000 0.000000 0.000000 1.000000
0.999042 -0.012897 0.041815 -4.567514 0.009098 0.995918 0.089800 100.239250 -0.042803 -0.089333 0.995082 0.182224 0.000000 0.000000 0.000000 1.000000
