<?xml version="1.0" encoding="utf-8"?>
<COLLADA xmlns="http://www.collada.org/2005/11/COLLADASchema" version="1.4.1">
  <asset>
    <contributor>
      <author>Mixamo</author>
      <authoring_tool>COLLADA Mixamo exporter</authoring_tool>
      <comments/>
    </contributor>
    <created>2023-12-07T05:03:46Z</created>
    <modified>2023-12-07T05:03:46Z</modified>
    <revision/>
    <title/>
    <unit meter="0.010000"/>
    <up_axis>Y_UP</up_axis>
  </asset>
  <library_animations>
    <animation id="mixamorig7_Hips-anim" name="mixamorig7_Hips">
      <source id="mixamorig7_Hips-Matrix-animation-input">
        <float_array id="mixamorig7_Hips-Matrix-animation-input-array" count="17">

0.000000 0.033333 0.066667 0.100000 0.133333 0.166667 0.200000 0.233333 0.266667 0.300000 0.333333 0.366667 0.400000 0.433333 0.466667 0.500000
0.533333</float_array>
        <technique_common>
          <accessor source="#mixamorig7_Hips-Matrix-animation-input-array" count="17">
            <param name="TIME" type="float"/>
          </accessor>
        </technique_common>
      </source>
      <source id="mixamorig7_Hips-Matrix-animation-output-transform">
        <float_array id="mixamorig7_Hips-Matrix-animation-output-transform-array" count="272">

0.971827 -0.015643 -0.235174 -0.160299 -0.060522 0.947776 -0.313142 91.074387 0.227791 0.318553 0.920128 1.131669 0.000000 0.000000 0.000000 1.000000
0.973988 -0.118703 -0.193019 0.134624 0.051542 0.945539 -0.321402 90.368927 0.220658 0.303093 0.927062 0.209486 0.000000 0.000000 0.000000 1.000000
0.966469 -0.245923 -0.073882 -0.337077 0.210128 0.922808 -0.322912 89.440590 0.147591 0.296560 0.943541 -1.418952 0.000000 0.000000 0.000000 1.000000
0.977105 -0.212540 0.009641 -1.018309 0.203381 0.919773 -0.335639 90.908707 0.062469 0.329915 0.941941 -1.835472 0.000000 0.000000 0.000000 1.000000
0.994144 -0.097014 0.047607 -1.620981 0.107134 0.942511 -0.316535 93.158295 -0.014162 0.319782 0.947385 -0.426593 0.000000 0.000000 0.000000 1.000000
0.996302 -0.048708 0.070777 -1.639613 0.067145 0.955362 -0.287706 93.499695 -0.053604 0.291395 0.955100 -0.220449 0.000000 0.000000 0.000000 1.000000
0.994045 -0.058991 0.091617 -1.194162 0.083352 0.953205 -0.290607 92.690506 -0.070186 0.296513 0.952446 -1.083064 0.000000 0.000000 0.000000 1.000000
0.986897 -0.056217 0.151242 -0.935249 0.100753 0.946849 -0.305493 91.615456 -0.126030 0.316728 0.940106 -3.005969 0.000000 0.000000 0.000000 1.000000
0.986696 0.012363 0.162108 -0.733645 0.036377 0.955037 -0.294248 91.657921 -0.158457 0.296230 0.941881 -4.038811 0.000000 0.000000 0.000000 1.000000
0.986116 0.153302 0.063828 -0.361756 -0.129691 0.951040 -0.280539 92.114227 -0.103711 0.268366 0.957718 -3.736371 0.000000 0.000000 0.000000 1.000000
0.965936 0.256217 -0.036322 0.021973 -0.255064 0.918949 -0.300792 91.637947 -0.043690 0.299810 0.952998 -4.165818 0.000000 0.000000 0.000000 1.000000
0.980739 0.178472 -0.079362 0.618198 -0.194749 0.924598 -0.327401 93.474113 0.014946 0.336551 0.941547 -2.806761 0.000000 0.000000 0.000000 1.000000
0.993306 0.079061 -0.084214 1.425081 -0.101293 0.946602 -0.306078 93.894341 0.055518 0.312559 0.948275 -1.311381 0.000000 0.000000 0.000000 1.000000
0.995053 0.024443 -0.096293 1.679253 -0.050262 0.959921 -0.275726 93.716179 0.085694 0.279202 0.956401 0.120809 0.000000 0.000000 0.000000 1.000000
0.992401 0.032211 -0.118757 1.037605 -0.064893 0.957009 -0.282706 92.147232 0.104546 0.288264 0.951827 0.625408 0.000000 0.000000 0.000000 1.000000
0.979855 0.041930 -0.195259 0.215219 -0.101523 0.946537 -0.306205 90.885902 0.171981 0.319859 0.931726 0.638899 0.000000 0.000000 0.000000 1.000000
0.971827 -0.015643 -0.235174 -0.160300 -0.060522 0.947776 -0.313142 91.074409 0.227791 0.318553 0.920128 1.131670 0.000000 0.000000 0.000000 1.000000</float_array>
        <technique_common>
          <accessor source="#mixamorig7_Hips-Matrix-animation-output-transform-array" count="17" stride="16">
            <param type="float4x4"/>
          </accessor>
        </technique_common>
      </source>
      <source id="mixamorig7_Hips-Interpolations">
        <Name_array id="mixamorig7_Hips-Interpolations-array" count="17">
 LINEAR LINEAR LINEAR LINEAR LINEAR LINEAR LINEAR LINEAR LINEAR LINEAR LINEAR
LINEAR LINEAR LINEAR LINEAR LINEAR LINEAR</Name_array>
        <technique_common>
          <accessor source="#mixamorig7_Hips-Interpolations-array" count="17">
            <param type="name"/>
          </accessor>
        </technique_common>
      </source>
      <sampler id="mixamorig7_Hips-Matrix-animation-transform">
        <input semantic="INPUT" source="#mixamorig7_Hips-Matrix-animation-input"/>
        <input semantic="OUTPUT" source="#mixamorig7_Hips-Matrix-animation-output-transform"/>
        <input semantic="INTERPOLATION" source="#mixamorig7_Hips-Interpolations"/>
      </sampler>
      <channel source="#mixamorig7_Hips-Matrix-animation-transform" target="mixamorig7_Hips/matrix"/>
    </animation>
    <animation id="mixamorig7_Spine-anim" name="mixamorig7_Spine">
      <source id="mixamorig7_Spine-Matrix-animation-input">
        <float_array id="mixamorig7_Spine-Matrix-animation-input-array" count="17">

0.000000 0.033333 0.066667 0.100000 0.133333 0.166667 0.200000 0.233333 0.266667 0.300000 0.333333 0.366667 0.400000 0.433333 0.466667 0.500000
0.533333</float_array>
        <technique_common>
          <accessor source="#mixamorig7_Spine-Matrix-animation-input-array" count="17">
            <param name="TIME" type="float"/>
          </accessor>
        </technique_common>
      </source>
      <source id="mixamorig7_Spine-Matrix-animation-output-transform">
        <float_array id="mixamorig7_Spine-Matrix-animation-output-transform-array" count="272">

0.993388 -0.014989 0.113819 0.000000 0.014152 0.999867 0.008156 9.694400 -0.113926 -0.006492 0.993468 -1.109700 0.000000 0.000000 0.000000 1.000000
0.980110 0.076681 0.183045 0.000000 -0.080282 0.996696 0.012335 9.694400 -0.181494 -0.026784 0.983027 -1.109700 0.000000 0.000000 0.000000 1.000000
0.949925 0.214331 0.227389 0.000000 -0.214339 0.976440 -0.024959 9.694400 -0.227381 -0.025029 0.973484 -1.109700 0.000000 0.000000 0.000000 1.000000
0.951137 0.208402 0.227829 -0.000000 -0.210299 0.977503 -0.016197 9.694400 -0.226079 -0.032507 0.973566 -1.109700 0.000000 0.000000 0.000000 1.000000
0.977554 0.128115 0.167257 0.000000 -0.129334 0.991594 -0.003626 9.694400 -0.166316 -0.018088 0.985907 -1.109700 0.000000 0.000000 0.000000 1.000000
0.991606 0.102128 0.079288 0.000000 -0.101438 0.994761 -0.012690 9.694400 -0.080169 0.004541 0.996771 -1.109700 0.000000 0.000000 0.000000 1.000000
0.992966 0.118394 0.001113 0.000000 -0.118400 0.992921 0.009447 9.694400 0.000014 -0.009512 0.999955 -1.109700 0.000000 0.000000 0.000000 1.000000
0.991257 0.110011 -0.072851 0.000000 -0.108219 0.993729 0.028121 9.694400 0.075487 -0.019992 0.996946 -1.109700 0.000000 0.000000 0.000000 1.000000
0.990969 0.034787 -0.129497 -0.000000 -0.035217 0.999379 -0.001029 9.694400 0.129381 0.005580 0.991579 -1.109700 0.000000 0.000000 0.000000 1.000000
0.980026 -0.106296 -0.168079 0.000000 0.100897 0.994078 -0.040363 9.694400 0.171374 0.022598 0.984947 -1.109700 0.000000 0.000000 0.000000 1.000000
0.953089 -0.226936 -0.200303 -0.000000 0.219646 0.973842 -0.058198 9.694400 0.208271 0.011472 0.978004 -1.109700 0.000000 0.000000 0.000000 1.000000
0.965335 -0.180660 -0.188389 -0.000000 0.177867 0.983541 -0.031776 9.694400 0.191029 -0.002833 0.981580 -1.109700 0.000000 0.000000 0.000000 1.000000
0.983668 -0.106013 -0.145460 0.000000 0.100910 0.994007 -0.042043 9.694400 0.149045 0.026679 0.988470 -1.109700 0.000000 0.000000 0.000000 1.000000
0.992735 -0.068181 -0.099139 -0.000000 0.063032 0.996540 -0.054177 9.694400 0.102490 0.047535 0.993598 -1.109700 0.000000 0.000000 0.000000 1.000000
0.995687 -0.077733 -0.050650 0.000000 0.076480 0.996726 -0.026217 9.694400 0.052522 0.022230 0.998372 -1.109700 0.000000 0.000000 0.000000 1.000000
0.996592 -0.076214 0.031543 0.000000 0.075951 0.997067 0.009460 9.694400 -0.032171 -0.007032 0.999458 -1.109700 0.000000 0.000000 0.000000 1.000000
0.993388 -0.014989 0.113819 -0.000000 0.014152 0.999867 0.008156 9.694400 -0.113926 -0.006492 0.993468 -1.109700 0.000000 0.000000 0.000000 1.000000</float_array>
        <technique_common>
          <accessor source="#mixamorig7_Spine-Matrix-animation-output-transform-array" count="17" stride="16">
            <param type="float4x4"/>
          </accessor>
        </technique_common>
      </source>
      <source id="mixamorig7_Spine-Interpolations">
        <Name_array id="mixamorig7_Spine-Interpolations-array" count="17">
 LINEAR LINEAR LINEAR LINEAR LINEAR LINEAR LINEAR LINEAR LINEAR LINEAR LINEAR
LINEAR LINEAR LINEAR LINEAR LINEAR LINEAR</Name_array>
        <technique_common>
          <accessor source="#mixamorig7_Spine-Interpolations-array" count="17">
            <param type="name"/>
          </accessor>
        </technique_common>
      </source>
      <sampler id="mixamorig7_Spine-Matrix-animation-transform">
        <input semantic="INPUT" source="#mixamorig7_Spine-Matrix-animation-input"/>
        <input semantic="OUTPUT" source="#mixamorig7_Spine-Matrix-animation-output-transform"/>
        <input semantic="INTERPOLATION" source="#mixamorig7_Spine-Interpolations"/>
      </sampler>
      <channel source="#mixamorig7_Spine-Matrix-animation-transform" target="mixamorig7_Spine/matrix"/>
    </animation>
    <animation id="mixamorig7_Spine1-anim" name="mixamorig7_Spine1">
      <source id="mixamorig7_Spine1-Matrix-animation-input">
        <float_array id="mixamorig7_Spine1-Matrix-animation-input-array" count="17">

0.000000 0.033333 0.066667 0.100000 0.133333 0.166667 0.200000 0.233333 0.266667 0.300000 0.333333 0.366667 0.400000 0.433333 0.466667 0.500000
0.533333</float_array>
        <technique_common>
          <accessor source="#mixamorig7_Spine1-Matrix-animation-input-array" count="17">
            <param name="TIME" type="float"/>
          </accessor>
        </technique_common>
      </source>
      <source id="mixamorig7_Spine1-Matrix-animation-output-transform">
        <float_array id="mixamorig7_Spine1-Matrix-animation-output-transform-array" count="272">

0.998937 -0.003962 0.045923 -0.000000 0.007173 0.997524 -0.069965 11.384000 -0.045532 0.070220 0.996492 0.000000 0.000000 0.000000 0.000000 1.000000
0.997554 0.014703 0.068335 0.000000 -0.010082 0.997669 -0.067486 11.384000 -0.069168 0.066632 0.995377 0.000000 0.000000 0.000000 0.000000 1.000000
0.996406 0.030678 0.078952 0.000000 -0.024445 0.996596 -0.078735 11.384000 -0.081099 0.076522 0.993764 0.000000 0.000000 0.000000 0.000000 1.000000
0.996513 0.032379 0.076897 0.000000 -0.026860 0.997060 -0.071757 11.384000 -0.078994 0.069441 0.994454 -0.000000 0.000000 0.000000 0.000000 1.000000
0.998008 0.028679 0.056193 -0.000000 -0.025166 0.997743 -0.062254 11.384000 -0.057852 0.060716 0.996477 0.000000 0.000000 0.000000 0.000000 1.000000
0.999056 0.028819 0.032508 -0.000000 -0.026636 0.997485 -0.065680 11.384000 -0.034319 0.064752 0.997311 -0.000000 0.000000 0.000000 0.000000 1.000000
0.999381 0.034978 0.003810 0.000000 -0.034666 0.997378 -0.063520 11.384000 -0.006022 0.063349 0.997973 0.000000 0.000000 0.000000 0.000000 1.000000
0.998930 0.032779 -0.032614 0.000000 -0.034848 0.997275 -0.065024 11.384000 0.030393 0.066091 0.997351 0.000000 0.000000 0.000000 0.000000 1.000000
0.997967 0.013341 -0.062315 -0.000000 -0.018388 0.996533 -0.081136 11.384000 0.061016 0.082117 0.994753 -0.000000 0.000000 0.000000 0.000000 1.000000
0.997180 -0.013298 -0.073857 -0.000000 0.006411 0.995672 -0.092713 11.384000 0.074770 0.091978 0.992950 -0.000000 0.000000 0.000000 0.000000 1.000000
0.996156 -0.030411 -0.082154 0.000000 0.022629 0.995311 -0.094042 11.384000 0.084629 0.091822 0.992173 0.000000 0.000000 0.000000 0.000000 1.000000
0.997064 -0.029242 -0.070772 -0.000000 0.023490 0.996454 -0.080794 11.384000 0.072884 0.078894 0.994215 0.000000 0.000000 0.000000 0.000000 1.000000
0.998739 -0.023349 -0.044453 -0.000000 0.019702 0.996537 -0.080784 11.384000 0.046186 0.079806 0.995740 0.000000 0.000000 0.000000 0.000000 1.000000
0.998960 -0.021698 -0.040094 0.000000 0.018231 0.996222 -0.084903 11.384000 0.041785 0.084084 0.995582 0.000000 0.000000 0.000000 0.000000 1.000000
0.999178 -0.021706 -0.034233 -0.000000 0.019013 0.996840 -0.077121 11.384000 0.035799 0.076406 0.996434 0.000000 0.000000 0.000000 0.000000 1.000000
0.999762 -0.019408 0.009967 -0.000000 0.020020 0.997655 -0.065445 11.384000 -0.008673 0.065629 0.997806 0.000000 0.000000 0.000000 0.000000 1.000000
0.998937 -0.003962 0.045923 -0.000000 0.007173 0.997524 -0.069965 11.384000 -0.045532 0.070220 0.996492 0.000000 0.000000 0.000000 0.000000 1.000000</float_array>
        <technique_common>
          <accessor source="#mixamorig7_Spine1-Matrix-animation-output-transform-array" count="17" stride="16">
            <param type="float4x4"/>
          </accessor>
        </technique_common>
      </source>
      <source id="mixamorig7_Spine1-Interpolations">
        <Name_array id="mixamorig7_Spine1-Interpolations-array" count="17">
 LINEAR LINEAR LINEAR LINEAR LINEAR LINEAR LINEAR LINEAR LINEAR LINEAR LINEAR
LINEAR LINEAR LINEAR LINEAR LINEAR LINEAR</Name_array>
        <technique_common>
          <accessor source="#mixamorig7_Spine1-Interpolations-array" count="17">
            <param type="name"/>
          </accessor>
        </technique_common>
      </source>
      <sampler id="mixamorig7_Spine1-Matrix-animation-transform">
        <input semantic="INPUT" source="#mixamorig7_Spine1-Matrix-animation-input"/>
        <input semantic="OUTPUT" source="#mixamorig7_Spine1-Matrix-animation-output-transform"/>
        <input semantic="INTERPOLATION" source="#mixamorig7_Spine1-Interpolations"/>
      </sampler>
      <channel source="#mixamorig7_Spine1-Matrix-animation-transform" target="mixamorig7_Spine1/matrix"/>
    </animation>
    <animation id="mixamorig7_Spine2-anim" name="mixamorig7_Spine2">
      <source id="mixamorig7_Spine2-Matrix-animation-input">
        <float_array id="mixamorig7_Spine2-Matrix-animation-input-array" count="17">

0.000000 0.033333 0.066667 0.100000 0.133333 0.166667 0.200000 0.233333 0.266667 0.300000 0.333333 0.366667 0.400000 0.433333 0.466667 0.500000
0.533333</float_array>
        <technique_common>
          <accessor source="#mixamorig7_Spine2-Matrix-animation-input-array" count="17">
            <param name="TIME" type="float"/>
          </accessor>
        </technique_common>
      </source>
      <source id="mixamorig7_Spine2-Matrix-animation-output-transform">
        <float_array id="mixamorig7_Spine2-Matrix-animation-output-transform-array" count="272">

0.998942 -0.006167 0.045563 -0.000000 0.009350 0.997505 -0.069969 13.010300 -0.045018 0.070321 0.996508 0.000000 0.000000 0.000000 0.000000 1.000000
0.997634 0.010386 0.067961 0.000000 -0.005751 0.997665 -0.068049 13.010300 -0.068509 0.067497 0.995365 0.000000 0.000000 0.000000 0.000000 1.000000
0.996523 0.024425 0.079652 -0.000000 -0.018071 0.996668 -0.079535 13.010300 -0.081330 0.077819 0.993645 0.000000 0.000000 0.000000 0.000000 1.000000
0.996537 0.027752 0.078381 0.000000 -0.022127 0.997177 -0.071746 13.010300 -0.080151 0.069764 0.994338 -0.000000 0.000000 0.000000 0.000000 1.000000
0.998008 0.026627 0.057202 0.000000 -0.023060 0.997802 -0.062128 13.010300 -0.058730 0.060685 0.996428 0.000000 0.000000 0.000000 0.000000 1.000000
0.999053 0.027728 0.033524 0.000000 -0.025482 0.997516 -0.065676 13.010300 -0.035261 0.064759 0.997278 0.000000 0.000000 0.000000 0.000000 1.000000
0.999388 0.034556 0.005367 0.000000 -0.034144 0.997379 -0.063793 13.010300 -0.007557 0.063571 0.997949 0.000000 0.000000 0.000000 0.000000 1.000000
0.998969 0.033622 -0.030494 0.000000 -0.035570 0.997200 -0.065777 13.010300 0.028197 0.066794 0.997368 0.000000 0.000000 0.000000 0.000000 1.000000
0.998035 0.015698 -0.060653 -0.000000 -0.020661 0.996411 -0.082090 13.010300 0.059146 0.083182 0.994778 0.000000 0.000000 0.000000 0.000000 1.000000
0.997223 -0.008241 -0.074010 -0.000000 0.001293 0.995624 -0.093443 13.010300 0.074457 0.093088 0.992870 0.000000 0.000000 0.000000 0.000000 1.000000
0.996134 -0.023238 -0.084716 0.000000 0.015217 0.995444 -0.094124 13.010300 0.086517 0.092471 0.991950 0.000000 0.000000 0.000000 0.000000 1.000000
0.997042 -0.023846 -0.073069 -0.000000 0.017909 0.996565 -0.080853 13.010300 0.074746 0.079306 0.994044 -0.000000 0.000000 0.000000 0.000000 1.000000
0.998781 -0.020206 -0.045027 0.000000 0.016484 0.996531 -0.081568 13.010300 0.046519 0.080727 0.995650 0.000000 0.000000 0.000000 0.000000 1.000000
0.999002 -0.020238 -0.039813 -0.000000 0.016774 0.996197 -0.085496 13.010300 0.041392 0.084743 0.995543 0.000000 0.000000 0.000000 0.000000 1.000000
0.999186 -0.021631 -0.034049 0.000000 0.018948 0.996834 -0.077224 13.010300 0.035611 0.076516 0.996432 0.000000 0.000000 0.000000 0.000000 1.000000
0.999754 -0.019847 0.009869 0.000000 0.020451 0.997653 -0.065350 13.010300 -0.008549 0.065535 0.997814 -0.000000 0.000000 0.000000 0.000000 1.000000
0.998942 -0.006167 0.045563 0.000000 0.009350 0.997505 -0.069969 13.010300 -0.045018 0.070321 0.996508 0.000000 0.000000 0.000000 0.000000 1.000000</float_array>
        <technique_common>
          <accessor source="#mixamorig7_Spine2-Matrix-animation-output-transform-array" count="17" stride="16">
            <param type="float4x4"/>
          </accessor>
        </technique_common>
      </source>
      <source id="mixamorig7_Spine2-Interpolations">
        <Name_array id="mixamorig7_Spine2-Interpolations-array" count="17">
 LINEAR LINEAR LINEAR LINEAR LINEAR LINEAR LINEAR LINEAR LINEAR LINEAR LINEAR
LINEAR LINEAR LINEAR LINEAR LINEAR LINEAR</Name_array>
        <technique_common>
          <accessor source="#mixamorig7_Spine2-Interpolations-array" count="17">
            <param type="name"/>
          </accessor>
        </technique_common>
      </source>
      <sampler id="mixamorig7_Spine2-Matrix-animation-transform">
        <input semantic="INPUT" source="#mixamorig7_Spine2-Matrix-animation-input"/>
        <input semantic="OUTPUT" source="#mixamorig7_Spine2-Matrix-animation-output-transform"/>
        <input semantic="INTERPOLATION" source="#mixamorig7_Spine2-Interpolations"/>
      </sampler>
      <channel source="#mixamorig7_Spine2-Matrix-animation-transform" target="mixamorig7_Spine2/matrix"/>
    </animation>
    <animation id="mixamorig7_Neck-anim" name="mixamorig7_Neck">
      <source id="mixamorig7_Neck-Matrix-animation-input">
        <float_array id="mixamorig7_Neck-Matrix-animation-input-array" count="17">

0.000000 0.033333 0.066667 0.100000 0.133333 0.166667 0.200000 0.233333 0.266667 0.300000 0.333333 0.366667 0.400000 0.433333 0.466667 0.500000
0.533333</float_array>
        <technique_common>
          <accessor source="#mixamorig7_Neck-Matrix-animation-input-array" count="17">
            <param name="TIME" type="float"/>
          </accessor>
        </technique_common>
      </source>
      <source id="mixamorig7_Neck-Matrix-animation-output-transform">
        <float_array id="mixamorig7_Neck-Matrix-animation-output-transform-array" count="272">

0.999967 -0.006296 0.005085 0.000000 0.006321 0.999968 -0.004975 14.636600 -0.005053 0.005007 0.999975 0.000000 0.000000 0.000000 0.000000 1.000000
0.999448 0.029405 -0.015476 -0.000000 -0.030078 0.998525 -0.045193 14.636600 0.014124 0.045634 0.998858 0.000000 0.000000 0.000000 0.000000 1.000000
0.998189 0.041873 -0.043195 -0.000000 -0.045894 0.994252 -0.096727 14.636600 0.038896 0.098534 0.994373 0.000000 0.000000 0.000000 0.000000 1.000000
0.998131 0.020666 -0.057513 0.000000 -0.028520 0.989839 -0.139300 14.636600 0.054050 0.140680 0.988579 0.000000 0.000000 0.000000 0.000000 1.000000
0.998842 0.001116 -0.048092 0.000000 -0.007547 0.990986 -0.133751 14.636600 0.047510 0.133959 0.989847 -0.000000 0.000000 0.000000 0.000000 1.000000
0.999361 -0.007461 -0.034963 0.000000 0.004021 0.995232 -0.097450 14.636600 0.035524 0.097247 0.994626 0.000000 0.000000 0.000000 0.000000 1.000000
0.999585 -0.014986 -0.024594 0.000000 0.012990 0.996757 -0.079413 14.636600 0.025704 0.079060 0.996538 0.000000 0.000000 0.000000 0.000000 1.000000
0.999738 -0.018074 -0.014060 0.000000 0.017163 0.997902 -0.062426 14.636600 0.015159 0.062168 0.997951 0.000000 0.000000 0.000000 0.000000 1.000000
0.999803 -0.019020 0.005655 0.000000 0.019238 0.998957 -0.041403 14.636600 -0.004861 0.041504 0.999127 0.000000 0.000000 0.000000 0.000000 1.000000
0.999154 -0.023250 0.033916 0.000000 0.024916 0.998461 -0.049555 14.636600 -0.032712 0.050358 0.998195 0.000000 0.000000 0.000000 0.000000 1.000000
0.998019 -0.011919 0.061781 0.000000 0.017028 0.996417 -0.082842 14.636600 -0.060573 0.083730 0.994646 0.000000 0.000000 0.000000 0.000000 1.000000
0.997969 -0.015787 0.061711 -0.000000 0.021446 0.995514 -0.092152 14.636600 -0.059979 0.093288 0.993831 0.000000 0.000000 0.000000 0.000000 1.000000
0.998091 -0.046779 0.040324 -0.000000 0.048896 0.997385 -0.053221 14.636600 -0.037729 0.055091 0.997768 0.000000 0.000000 0.000000 0.000000 1.000000
0.998073 -0.053606 0.031248 -0.000000 0.054373 0.998227 -0.024230 14.636600 -0.029893 0.025882 0.999218 -0.000000 0.000000 0.000000 0.000000 1.000000
0.998587 -0.043702 0.030224 0.000000 0.044348 0.998794 -0.021052 14.636600 -0.029268 0.022362 0.999321 -0.000000 0.000000 0.000000 0.000000 1.000000
0.999330 -0.031113 0.019253 0.000000 0.031322 0.999453 -0.010651 14.636600 -0.018911 0.011247 0.999758 0.000000 0.000000 0.000000 0.000000 1.000000
0.999967 -0.006296 0.005085 0.000000 0.006321 0.999968 -0.004975 14.636600 -0.005053 0.005007 0.999975 -0.000000 0.000000 0.000000 0.000000 1.000000</float_array>
        <technique_common>
          <accessor source="#mixamorig7_Neck-Matrix-animation-output-transform-array" count="17" stride="16">
            <param type="float4x4"/>
          </accessor>
        </technique_common>
      </source>
      <source id="mixamorig7_Neck-Interpolations">
        <Name_array id="mixamorig7_Neck-Interpolations-array" count="17">
 LINEAR LINEAR LINEAR LINEAR LINEAR LINEAR LINEAR LINEAR LINEAR LINEAR LINEAR
LINEAR LINEAR LINEAR LINEAR LINEAR LINEAR</Name_array>
        <technique_common>
          <accessor source="#mixamorig7_Neck-Interpolations-array" count="17">
            <param type="name"/>
          </accessor>
        </technique_common>
      </source>
      <sampler id="mixamorig7_Neck-Matrix-animation-transform">
        <input semantic="INPUT" source="#mixamorig7_Neck-Matrix-animation-input"/>
        <input semantic="OUTPUT" source="#mixamorig7_Neck-Matrix-animation-output-transform"/>
        <input semantic="INTERPOLATION" source="#mixamorig7_Neck-Interpolations"/>
      </sampler>
      <channel source="#mixamorig7_Neck-Matrix-animation-transform" target="mixamorig7_Neck/matrix"/>
    </animation>
    <animation id="mixamorig7_Head-anim" name="mixamorig7_Head">
      <source id="mixamorig7_Head-Matrix-animation-input">
        <float_array id="mixamorig7_Head-Matrix-animation-input-array" count="17">

0.000000 0.033333 0.066667 0.100000 0.133333 0.166667 0.200000 0.233333 0.266667 0.300000 0.333333 0.366667 0.400000 0.433333 0.466667 0.500000
0.533333</float_array>
        <technique_common>
          <accessor source="#mixamorig7_Head-Matrix-animation-input-array" count="17">
            <param name="TIME" type="float"/>
          </accessor>
        </technique_common>
      </source>
      <source id="mixamorig7_Head-Matrix-animation-output-transform">
        <float_array id="mixamorig7_Head-Matrix-animation-output-transform-array" count="272">

0.999970 -0.005647 0.005363 0.000000 0.005030 0.994050 0.108804 6.944300 -0.005946 -0.108774 0.994049 1.982500 0.000000 0.000000 0.000000 1.000000
0.999424 0.029474 -0.016819 -0.000000 -0.028255 0.997245 0.068584 6.944300 0.018794 -0.068069 0.997504 1.982500 0.000000 0.000000 0.000000 1.000000
0.998153 0.040686 -0.045113 0.000000 -0.039972 0.999063 0.016618 6.944300 0.045747 -0.014784 0.998844 1.982500 0.000000 0.000000 0.000000 1.000000
0.998112 0.019123 -0.058374 0.000000 -0.020682 0.999442 -0.026224 6.944300 0.057840 0.027381 0.997950 1.982500 0.000000 0.000000 0.000000 1.000000
0.998832 0.000473 -0.048319 0.000000 -0.001456 0.999793 -0.020309 6.944300 0.048299 0.020355 0.998625 1.982500 0.000000 0.000000 0.000000 1.000000
0.999358 -0.007711 -0.034997 0.000000 0.008288 0.999832 0.016368 6.944300 0.034865 -0.016648 0.999253 1.982500 0.000000 0.000000 0.000000 1.000000
0.999584 -0.015386 -0.024403 -0.000000 0.016223 0.999274 0.034476 6.944300 0.023855 -0.034858 0.999108 1.982500 0.000000 0.000000 0.000000 1.000000
0.999732 -0.018731 -0.013591 -0.000000 0.019407 0.998488 0.051434 6.944300 0.012607 -0.051684 0.998584 1.982500 0.000000 0.000000 0.000000 1.000000
0.999788 -0.019564 0.006437 0.000000 0.019048 0.997199 0.072327 6.944300 -0.007834 -0.072189 0.997360 1.982500 0.000000 0.000000 0.000000 1.000000
0.999136 -0.022499 0.034951 -0.000000 0.020231 0.997748 0.063947 6.944300 -0.036311 -0.063185 0.997341 1.982500 0.000000 0.000000 0.000000 1.000000
0.998020 -0.009645 0.062147 0.000000 0.007758 0.999504 0.030528 6.944300 -0.062411 -0.029986 0.997600 1.982500 0.000000 0.000000 0.000000 1.000000
0.997975 -0.013874 0.062076 -0.000000 0.012575 0.999695 0.021266 6.944300 -0.062352 -0.020443 0.997845 1.982500 0.000000 0.000000 0.000000 1.000000
0.998079 -0.045942 0.041567 -0.000000 0.043390 0.997234 0.060344 6.944300 -0.044224 -0.058424 0.997312 1.982500 0.000000 0.000000 0.000000 1.000000
0.998030 -0.053399 0.032939 0.000000 0.050283 0.994752 0.089109 6.944300 -0.037525 -0.087277 0.995477 1.982500 0.000000 0.000000 0.000000 1.000000
0.998530 -0.043771 0.031955 0.000000 0.040663 0.994914 0.092153 6.944300 -0.035826 -0.090718 0.995232 1.982500 0.000000 0.000000 0.000000 1.000000
0.999316 -0.030664 0.020668 0.000000 0.028379 0.994278 0.102990 6.944300 -0.023708 -0.102333 0.994468 1.982500 0.000000 0.000000 0.000000 1.000000
0.999970 -0.005647 0.005363 -0.000000 0.005030 0.994050 0.108804 6.944300 -0.005946 -0.108774 0.994049 1.982500 0.000000 0.000000 0.000000 1.000000</float_array>
        <technique_common>
          <accessor source="#mixamorig7_Head-Matrix-animation-output-transform-array" count="17" stride="16">
            <param type="float4x4"/>
          </accessor>
        </technique_common>
      </source>
      <source id="mixamorig7_Head-Interpolations">
        <Name_array id="mixamorig7_Head-Interpolations-array" count="17">
 LINEAR LINEAR LINEAR LINEAR LINEAR LINEAR LINEAR LINEAR LINEAR LINEAR LINEAR
LINEAR LINEAR LINEAR LINEAR LINEAR LINEAR</Name_array>
        <technique_common>
          <accessor source="#mixamorig7_Head-Interpolations-array" count="17">
            <param type="name"/>
          </accessor>
        </technique_common>
      </source>
      <sampler id="mixamorig7_Head-Matrix-animation-transform">
        <input semantic="INPUT" source="#mixamorig7_Head-Matrix-animation-input"/>
        <input semantic="OUTPUT" source="#mixamorig7_Head-Matrix-animation-output-transform"/>
        <input semantic="INTERPOLATION" source="#mixamorig7_Head-Interpolations"/>
      </sampler>
      <channel source="#mixamorig7_Head-Matrix-animation-transform" target="mixamorig7_Head/matrix"/>
    </animation>
    <animation id="mixamorig7_LeftShoulder-anim" name="mixamorig7_LeftShoulder">
      <source id="mixamorig7_LeftShoulder-Matrix-animation-input">
        <float_array id="mixamorig7_LeftShoulder-Matrix-animation-input-array" count="17">

0.000000 0.033333 0.066667 0.100000 0.133333 0.166667 0.200000 0.233333 0.266667 0.300000 0.333333 0.366667 0.400000 0.433333 0.466667 0.500000
0.533333</float_array>
        <technique_common>
          <accessor source="#mixamorig7_LeftShoulder-Matrix-animation-input-array" count="17">
            <param name="TIME" type="float"/>
          </accessor>
        </technique_common>
      </source>
      <source id="mixamorig7_LeftShoulder-Matrix-animation-output-transform">
        <float_array id="mixamorig7_LeftShoulder-Matrix-animation-output-transform-array" count="272">

0.177828 0.863956 -0.471123 6.681300 0.011256 -0.480508 -0.876918 12.887600 -0.983997 0.150637 -0.095173 -0.157300 0.000000 0.000000 0.000000 1.000000
0.215382 0.919272 -0.329467 6.681300 0.022667 -0.342001 -0.939426 12.887600 -0.976267 0.194868 -0.094498 -0.157300 0.000000 0.000000 0.000000 1.000000
0.318307 0.922597 -0.217935 6.681300 0.037860 -0.242081 -0.969517 12.887600 -0.947232 0.300353 -0.111985 -0.157300 0.000000 0.000000 0.000000 1.000000
0.320176 0.918304 -0.232822 6.681300 0.035030 -0.257067 -0.965758 12.887600 -0.946710 0.301057 -0.114475 -0.157300 0.000000 0.000000 0.000000 1.000000
0.240214 0.898130 -0.368319 6.681300 0.017375 -0.383346 -0.923441 12.887600 -0.970564 0.215424 -0.107690 -0.157300 0.000000 0.000000 0.000000 1.000000
0.186840 0.834887 -0.517741 6.681300 0.006618 -0.528079 -0.849169 12.887600 -0.982368 0.155232 -0.104191 -0.157300 0.000000 0.000000 0.000000 1.000000
0.154385 0.779951 -0.606500 6.681300 0.003660 -0.614307 -0.789059 12.887600 -0.988004 0.119599 -0.097695 -0.157300 0.000000 0.000000 0.000000 1.000000
0.183034 0.781872 -0.595965 6.681300 0.000368 -0.606261 -0.795266 12.887600 -0.983106 0.145341 -0.111255 -0.157300 0.000000 0.000000 0.000000 1.000000
0.278460 0.855833 -0.435901 6.681300 0.006873 -0.455616 -0.890150 12.887600 -0.960423 0.244875 -0.132754 -0.157300 0.000000 0.000000 0.000000 1.000000
0.296100 0.924194 -0.241228 6.681300 0.020089 -0.258523 -0.965796 12.887600 -0.954946 0.281126 -0.095115 -0.157300 0.000000 0.000000 0.000000 1.000000
0.243742 0.938369 -0.245056 6.681300 -0.006115 -0.251185 -0.967920 12.887600 -0.969821 0.237421 -0.055486 -0.157300 0.000000 0.000000 0.000000 1.000000
0.232729 0.940522 -0.247497 6.681300 0.001772 -0.254894 -0.966967 12.887600 -0.972540 0.224603 -0.060988 -0.157300 0.000000 0.000000 0.000000 1.000000
0.246645 0.933437 -0.260502 6.681300 0.021744 -0.274069 -0.961464 12.887600 -0.968862 0.231476 -0.087895 -0.157300 0.000000 0.000000 0.000000 1.000000
0.226346 0.895439 -0.383348 6.681300 0.015257 -0.396773 -0.917790 12.887600 -0.973928 0.201889 -0.103470 -0.157300 0.000000 0.000000 0.000000 1.000000
0.197748 0.840040 -0.505202 6.681300 0.006329 -0.516463 -0.856286 12.887600 -0.980232 0.166132 -0.107446 -0.157300 0.000000 0.000000 0.000000 1.000000
0.179412 0.820782 -0.542336 6.681300 0.007143 -0.552353 -0.833580 12.887600 -0.983748 0.145680 -0.104962 -0.157300 0.000000 0.000000 0.000000 1.000000
0.177828 0.863956 -0.471123 6.681300 0.011256 -0.480508 -0.876918 12.887600 -0.983997 0.150637 -0.095172 -0.157300 0.000000 0.000000 0.000000 1.000000</float_array>
        <technique_common>
          <accessor source="#mixamorig7_LeftShoulder-Matrix-animation-output-transform-array" count="17" stride="16">
            <param type="float4x4"/>
          </accessor>
        </technique_common>
      </source>
      <source id="mixamorig7_LeftShoulder-Interpolations">
        <Name_array id="mixamorig7_LeftShoulder-Interpolations-array" count="17">
 LINEAR LINEAR LINEAR LINEAR LINEAR LINEAR LINEAR LINEAR LINEAR LINEAR LINEAR
LINEAR LINEAR LINEAR LINEAR LINEAR LINEAR</Name_array>
        <technique_common>
          <accessor source="#mixamorig7_LeftShoulder-Interpolations-array" count="17">
            <param type="name"/>
          </accessor>
        </technique_common>
      </source>
      <sampler id="mixamorig7_LeftShoulder-Matrix-animation-transform">
        <input semantic="INPUT" source="#mixamorig7_LeftShoulder-Matrix-animation-input"/>
        <input semantic="OUTPUT" source="#mixamorig7_LeftShoulder-Matrix-animation-output-transform"/>
        <input semantic="INTERPOLATION" source="#mixamorig7_LeftShoulder-Interpolations"/>
      </sampler>
      <channel source="#mixamorig7_LeftShoulder-Matrix-animation-transform" target="mixamorig7_LeftShoulder/matrix"/>
    </animation>
    <animation id="mixamorig7_LeftArm-anim" name="mixamorig7_LeftArm">
      <source id="mixamorig7_LeftArm-Matrix-animation-input">
        <float_array id="mixamorig7_LeftArm-Matrix-animation-input-array" count="17">

0.000000 0.033333 0.066667 0.100000 0.133333 0.166667 0.200000 0.233333 0.266667 0.300000 0.333333 0.366667 0.400000 0.433333 0.466667 0.500000
0.533333</float_array>
        <technique_common>
          <accessor source="#mixamorig7_LeftArm-Matrix-animation-input-array" count="17">
            <param name="TIME" type="float"/>
          </accessor>
        </technique_common>
      </source>
      <source id="mixamorig7_LeftArm-Matrix-animation-output-transform">
        <float_array id="mixamorig7_LeftArm-Matrix-animation-output-transform-array" count="272">

0.661458 0.479230 0.576899 0.000000 0.124696 0.688236 -0.714690 14.016100 -0.739544 0.544674 0.395481 0.000000 0.000000 0.000000 0.000000 1.000000
0.445834 0.645555 0.620074 0.000000 0.072997 0.664201 -0.743981 14.016100 -0.892134 0.376956 0.249000 -0.000000 0.000000 0.000000 0.000000 1.000000
0.370958 0.696154 0.614622 0.000000 -0.060337 0.678514 -0.732105 14.016100 -0.926687 0.234496 0.293705 0.000000 0.000000 0.000000 0.000000 1.000000
0.517592 0.669491 0.532804 0.000000 -0.171656 0.691295 -0.701888 14.016100 -0.838232 0.271833 0.472731 0.000000 0.000000 0.000000 0.000000 1.000000
0.727640 0.561412 0.394153 0.000000 -0.209598 0.729086 -0.651539 14.016100 -0.653153 0.391472 0.648183 -0.000000 0.000000 0.000000 0.000000 1.000000
0.896837 0.339044 0.284134 0.000000 -0.125588 0.811032 -0.571362 14.016100 -0.424159 0.476734 0.769944 -0.000000 0.000000 0.000000 0.000000 1.000000
0.971225 -0.005130 0.238109 0.000000 0.124295 0.863735 -0.488378 14.016100 -0.203158 0.503921 0.839518 0.000000 0.000000 0.000000 0.000000 1.000000
0.926206 -0.348993 0.142643 0.000000 0.374351 0.806365 -0.457861 14.016100 0.044767 0.477472 0.877506 0.000000 0.000000 0.000000 0.000000 1.000000
0.800208 -0.589921 -0.107983 0.000000 0.433226 0.693113 -0.576116 14.016100 0.414707 0.414232 0.810203 0.000000 0.000000 0.000000 0.000000 1.000000
0.681493 -0.631438 -0.369937 -0.000000 0.329106 0.715933 -0.615735 14.016100 0.653648 0.297871 0.695713 0.000000 0.000000 0.000000 0.000000 1.000000
0.657999 -0.517478 -0.547041 0.000000 0.321419 0.849970 -0.417422 14.016100 0.680975 0.098834 0.725606 -0.000000 0.000000 0.000000 0.000000 1.000000
0.817514 -0.401523 -0.412856 -0.000000 0.269976 0.900420 -0.341111 14.016100 0.508708 0.167402 0.844507 0.000000 0.000000 0.000000 0.000000 1.000000
0.929196 -0.362932 -0.069824 -0.000000 0.293625 0.839657 -0.456903 14.016100 0.224453 0.404050 0.886772 0.000000 0.000000 0.000000 0.000000 1.000000
0.945326 -0.284929 0.158663 -0.000000 0.323244 0.754062 -0.571755 14.016100 0.043268 0.591782 0.804936 0.000000 0.000000 0.000000 0.000000 1.000000
0.936084 -0.223453 0.271689 -0.000000 0.349469 0.679013 -0.645610 14.016100 -0.040217 0.699292 0.713704 0.000000 0.000000 0.000000 0.000000 1.000000
0.894898 0.111972 0.431996 -0.000000 0.241801 0.691948 -0.680251 14.016100 -0.375088 0.713212 0.592147 -0.000000 0.000000 0.000000 0.000000 1.000000
0.661458 0.479230 0.576899 0.000000 0.124696 0.688236 -0.714690 14.016100 -0.739544 0.544674 0.395481 -0.000000 0.000000 0.000000 0.000000 1.000000</float_array>
        <technique_common>
          <accessor source="#mixamorig7_LeftArm-Matrix-animation-output-transform-array" count="17" stride="16">
            <param type="float4x4"/>
          </accessor>
        </technique_common>
      </source>
      <source id="mixamorig7_LeftArm-Interpolations">
        <Name_array id="mixamorig7_LeftArm-Interpolations-array" count="17">
 LINEAR LINEAR LINEAR LINEAR LINEAR LINEAR LINEAR LINEAR LINEAR LINEAR LINEAR
LINEAR LINEAR LINEAR LINEAR LINEAR LINEAR</Name_array>
        <technique_common>
          <accessor source="#mixamorig7_LeftArm-Interpolations-array" count="17">
            <param type="name"/>
          </accessor>
        </technique_common>
      </source>
      <sampler id="mixamorig7_LeftArm-Matrix-animation-transform">
        <input semantic="INPUT" source="#mixamorig7_LeftArm-Matrix-animation-input"/>
        <input semantic="OUTPUT" source="#mixamorig7_LeftArm-Matrix-animation-output-transform"/>
        <input semantic="INTERPOLATION" source="#mixamorig7_LeftArm-Interpolations"/>
      </sampler>
      <channel source="#mixamorig7_LeftArm-Matrix-animation-transform" target="mixamorig7_LeftArm/matrix"/>
    </animation>
    <animation id="mixamorig7_LeftForeArm-anim" name="mixamorig7_LeftForeArm">
      <source id="mixamorig7_LeftForeArm-Matrix-animation-input">
        <float_array id="mixamorig7_LeftForeArm-Matrix-animation-input-array" count="17">

0.000000 0.033333 0.066667 0.100000 0.133333 0.166667 0.200000 0.233333 0.266667 0.300000 0.333333 0.366667 0.400000 0.433333 0.466667 0.500000
0.533333</float_array>
        <technique_common>
          <accessor source="#mixamorig7_LeftForeArm-Matrix-animation-input-array" count="17">
            <param name="TIME" type="float"/>
          </accessor>
        </technique_common>
      </source>
      <source id="mixamorig7_LeftForeArm-Matrix-animation-output-transform">
        <float_array id="mixamorig7_LeftForeArm-Matrix-animation-output-transform-array" count="272">

0.797423 -0.603154 0.017957 0.000000 0.602851 0.795022 -0.067171 27.330299 0.026238 0.064389 0.997580 -0.000000 0.000000 0.000000 0.000000 1.000000
0.575076 -0.816983 0.042732 0.000000 0.816572 0.570028 -0.090984 27.330299 0.049974 0.087216 0.994935 -0.000000 0.000000 0.000000 0.000000 1.000000
0.376653 -0.924083 0.064840 0.000000 0.923618 0.369242 -0.102911 27.330299 0.071156 0.098649 0.992575 -0.000000 0.000000 0.000000 0.000000 1.000000
0.411859 -0.909209 0.060918 0.000000 0.908752 0.404867 -0.101255 27.330299 0.067398 0.097062 0.992994 0.000000 0.000000 0.000000 0.000000 1.000000
0.564852 -0.824025 0.043871 0.000000 0.823610 0.559682 -0.091768 27.330299 0.051066 0.087968 0.994814 0.000000 0.000000 0.000000 0.000000 1.000000
0.663116 -0.747793 0.032922 0.000000 0.747416 0.659116 -0.083278 27.330299 0.040576 0.079830 0.995982 0.000000 0.000000 0.000000 0.000000 1.000000
0.712921 -0.700710 0.027373 0.000000 0.700358 0.709514 -0.078035 27.330299 0.035259 0.074803 0.996575 0.000000 0.000000 0.000000 0.000000 1.000000
0.606617 -0.794027 0.039218 -0.000000 0.793627 0.601944 -0.088427 27.330299 0.046607 0.084765 0.995310 0.000000 0.000000 0.000000 0.000000 1.000000
0.386983 -0.919885 0.063689 0.000000 0.919422 0.379696 -0.102444 27.330299 0.070054 0.098201 0.992698 -0.000000 0.000000 0.000000 0.000000 1.000000
0.042128 -0.993880 0.102114 0.000000 0.993380 0.030735 -0.110684 27.330299 0.106868 0.106101 0.988596 0.000000 0.000000 0.000000 0.000000 1.000000
-0.270858 -0.952822 0.136987 0.000000 0.952343 -0.285977 -0.106112 27.330299 0.140281 0.101718 0.984873 -0.000000 0.000000 0.000000 0.000000 1.000000
-0.368245 -0.917899 0.147838 0.000000 0.917438 -0.384524 -0.102223 27.330299 0.150678 0.097989 0.983715 0.000000 0.000000 0.000000 0.000000 1.000000
-0.056043 -0.992007 0.113052 0.000000 0.991508 -0.068605 -0.110476 27.330299 0.117349 0.105901 0.987428 -0.000000 0.000000 0.000000 0.000000 1.000000
0.568601 -0.821465 0.043453 0.000000 0.821052 0.563476 -0.091483 27.330299 0.050665 0.087695 0.994858 0.000000 0.000000 0.000000 0.000000 1.000000
0.989196 -0.146556 -0.003410 0.000000 0.146483 0.989079 -0.016321 27.330299 0.005765 0.015645 0.999861 0.000000 0.000000 0.000000 0.000000 1.000000
0.990809 -0.135224 -0.003590 0.000000 0.135156 0.990710 -0.015059 27.330299 0.005593 0.014436 0.999880 0.000000 0.000000 0.000000 0.000000 1.000000
0.797423 -0.603154 0.017957 -0.000000 0.602851 0.795022 -0.067171 27.330299 0.026238 0.064389 0.997580 -0.000000 0.000000 0.000000 0.000000 1.000000</float_array>
        <technique_common>
