<?xml version="1.0" encoding="utf-8"?>
<COLLADA xmlns="http://www.collada.org/2005/11/COLLADASchema" version="1.4.1">
  <asset>
    <contributor>
      <author>Mixamo</author>
      <authoring_tool>COLLADA Mixamo exporter</authoring_tool>
      <comments/>
    </contributor>
    <created>2023-12-03T15:00:39Z</created>
    <modified>2023-12-03T15:00:39Z</modified>
    <revision/>
    <title/>
    <unit meter="0.010000"/>
    <up_axis>Y_UP</up_axis>
  </asset>
  <library_animations>
    <animation id="mixamorig7_Hips-anim" name="mixamorig7_Hips">
      <source id="mixamorig7_Hips-Matrix-animation-input">
        <float_array id="mixamorig7_Hips-Matrix-animation-input-array" count="32">

0.000000 0.033333 0.066667 0.100000 0.133333 0.166667 0.200000 0.233333 0.266667 0.300000 0.333333 0.366667 0.400000 0.433333 0.466667 0.500000
0.533333 0.566667 0.600000 0.633333 0.666667 0.700000 0.733333 0.766667 0.800000 0.833333 0.866667 0.900000 0.933333 0.966667 1.000000 1.033333</float_array>
        <technique_common>
          <accessor source="#mixamorig7_Hips-Matrix-animation-input-array" count="32">
            <param name="TIME" type="float"/>
          </accessor>
        </technique_common>
      </source>
      <source id="mixamorig7_Hips-Matrix-animation-output-transform">
        <float_array id="mixamorig7_Hips-Matrix-animation-output-transform-array" count="512">

0.999436 0.000948 0.033562 0.035306 0.000189 0.999427 -0.033845 98.524223 -0.033575 0.033832 0.998863 0.509693 0.000000 0.000000 0.000000 1.000000
0.999704 -0.003584 0.024068 0.174932 0.004647 0.999009 -0.044257 99.188263 -0.023886 0.044356 0.998730 0.022652 0.000000 0.000000 0.000000 1.000000
0.999913 -0.000405 0.013168 0.377037 0.001135 0.998457 -0.055519 99.117233 -0.013125 0.055529 0.998371 -0.494501 0.000000 0.000000 0.000000 1.000000
0.999697 0.023527 -0.007232 0.644293 -0.023938 0.997707 -0.063312 98.201660 0.005725 0.063466 0.997968 -0.861227 0.000000 0.000000 0.000000 1.000000
0.998268 0.047924 -0.034108 0.880971 -0.050098 0.996560 -0.066024 96.698967 0.030827 0.067618 0.997235 -0.927169 0.000000 0.000000 0.000000 1.000000
0.996878 0.057788 -0.053799 1.146369 -0.061437 0.995734 -0.068845 95.046913 0.049591 0.071936 0.996176 -0.851675 0.000000 0.000000 0.000000 1.000000
0.996358 0.055942 -0.064359 1.487438 -0.060372 0.995783 -0.069078 93.746292 0.060223 0.072712 0.995533 -0.775117 0.000000 0.000000 0.000000 1.000000
0.997314 0.042261 -0.059819 1.930811 -0.045434 0.997575 -0.052717 92.797478 0.057446 0.055294 0.996816 -0.078032 0.000000 0.000000 0.000000 1.000000
0.998232 0.033302 -0.049229 2.582669 -0.035282 0.998580 -0.039913 92.359695 0.047830 0.041579 0.997990 1.251849 0.000000 0.000000 0.000000 1.000000
0.998911 0.026591 -0.038342 3.311315 -0.027687 0.999215 -0.028326 92.125427 0.037559 0.029357 0.998863 2.406083 0.000000 0.000000 0.000000 1.000000
0.999388 0.022142 -0.027076 3.986888 -0.022634 0.999582 -0.018005 91.942635 0.026666 0.018607 0.999471 3.124218 0.000000 0.000000 0.000000 1.000000
0.999745 0.017066 -0.014798 4.600500 -0.017200 0.999812 -0.008993 92.083000 0.014642 0.009245 0.999850 3.342088 0.000000 0.000000 0.000000 1.000000
0.999935 0.011207 -0.001874 5.038216 -0.011209 0.999936 -0.001302 92.667999 0.001859 0.001323 0.999997 3.166915 0.000000 0.000000 0.000000 1.000000
0.999919 0.005069 0.011684 5.177537 -0.005128 0.999974 0.005057 93.854874 -0.011658 -0.005116 0.999919 2.758265 0.000000 0.000000 0.000000 1.000000
0.999673 -0.000570 0.025577 5.057857 0.000312 0.999949 0.010085 95.245163 -0.025581 -0.010074 0.999622 2.263216 0.000000 0.000000 0.000000 1.000000
0.999193 -0.006250 0.039689 4.737064 0.005706 0.999889 0.013794 96.437843 -0.039770 -0.013556 0.999117 1.948167 0.000000 0.000000 0.000000 1.000000
0.998482 -0.011695 0.053815 4.431815 0.010967 0.999844 0.013812 97.416435 -0.053969 -0.013201 0.998455 1.788620 0.000000 0.000000 0.000000 1.000000
0.997611 -0.016282 0.067136 4.162498 0.015683 0.999832 0.009448 97.872681 -0.067278 -0.008372 0.997699 1.593845 0.000000 0.000000 0.000000 1.000000
0.996637 -0.020356 0.079371 3.872219 0.020449 0.999791 -0.000357 97.730400 -0.079347 0.001978 0.996845 1.385144 0.000000 0.000000 0.000000 1.000000
0.994587 -0.037058 0.097071 3.486147 0.038494 0.999175 -0.012959 97.171768 -0.096510 0.016625 0.995193 1.367726 0.000000 0.000000 0.000000 1.000000
0.991843 -0.051954 0.116399 3.088600 0.055408 0.998108 -0.026635 96.080063 -0.114795 0.032868 0.992845 1.550066 0.000000 0.000000 0.000000 1.000000
0.990040 -0.059390 0.127644 2.689982 0.065265 0.996969 -0.042345 94.879532 -0.124743 0.050254 0.990916 1.606770 0.000000 0.000000 0.000000 1.000000
0.990210 -0.055295 0.128165 2.153924 0.061505 0.997091 -0.045016 93.583611 -0.125303 0.052459 0.990731 1.962518 0.000000 0.000000 0.000000 1.000000
0.992525 -0.034875 0.116954 1.516558 0.038717 0.998777 -0.030745 92.643860 -0.115739 0.035043 0.992661 2.837815 0.000000 0.000000 0.000000 1.000000
0.994242 -0.021707 0.104940 0.846428 0.024599 0.999350 -0.026345 92.169815 -0.104300 0.028775 0.994130 3.818983 0.000000 0.000000 0.000000 1.000000
0.995516 -0.011970 0.093837 0.182644 0.014400 0.999577 -0.025262 91.906837 -0.093494 0.026500 0.995267 4.370786 0.000000 0.000000 0.000000 1.000000
0.996519 -0.006417 0.083123 -0.512655 0.008671 0.999604 -0.026773 92.235794 -0.082918 0.027401 0.996180 4.483190 0.000000 0.000000 0.000000 1.000000
0.997342 -0.002446 0.072819 -1.018560 0.004626 0.999546 -0.029785 92.965401 -0.072713 0.030043 0.996900 3.880662 0.000000 0.000000 0.000000 1.000000
0.998028 -0.000199 0.062769 -1.107608 0.002286 0.999447 -0.033170 94.139046 -0.062728 0.033248 0.997477 3.030736 0.000000 0.000000 0.000000 1.000000
0.998611 0.000507 0.052677 -0.823076 0.001379 0.999359 -0.035769 95.662086 -0.052661 0.035792 0.997971 2.274509 0.000000 0.000000 0.000000 1.000000
0.999081 0.000699 0.042858 -0.375962 0.000863 0.999337 -0.036397 97.221794 -0.042855 0.036401 0.998418 1.441140 0.000000 0.000000 0.000000 1.000000
0.999436 0.000948 0.033562 0.035306 0.000189 0.999427 -0.033845 98.524223 -0.033575 0.033832 0.998863 0.509692 0.000000 0.000000 0.000000 1.000000</float_array>
        <technique_common>
          <accessor source="#mixamorig7_Hips-Matrix-animation-output-transform-array" count="32" stride="16">
            <param type="float4x4"/>
          </accessor>
        </technique_common>
      </source>
      <source id="mixamorig7_Hips-Interpolations">
        <Name_array id="mixamorig7_Hips-Interpolations-array" count="32">
 LINEAR LINEAR LINEAR LINEAR LINEAR LINEAR LINEAR LINEAR LINEAR LINEAR LINEAR
LINEAR LINEAR LINEAR LINEAR LINEAR LINEAR LINEAR LINEAR LINEAR LINEAR LINEAR LINEAR
LINEAR LINEAR LINEAR LINEAR LINEAR LINEAR LINEAR LINEAR LINEAR</Name_array>
        <technique_common>
          <accessor source="#mixamorig7_Hips-Interpolations-array" count="32">
            <param type="name"/>
          </accessor>
        </technique_common>
      </source>
      <sampler id="mixamorig7_Hips-Matrix-animation-transform">
        <input semantic="INPUT" source="#mixamorig7_Hips-Matrix-animation-input"/>
        <input semantic="OUTPUT" source="#mixamorig7_Hips-Matrix-animation-output-transform"/>
        <input semantic="INTERPOLATION" source="#mixamorig7_Hips-Interpolations"/>
      </sampler>
      <channel source="#mixamorig7_Hips-Matrix-animation-transform" target="mixamorig7_Hips/matrix"/>
    </animation>
    <animation id="mixamorig7_Spine-anim" name="mixamorig7_Spine">
      <source id="mixamorig7_Spine-Matrix-animation-input">
        <float_array id="mixamorig7_Spine-Matrix-animation-input-array" count="32">

0.000000 0.033333 0.066667 0.100000 0.133333 0.166667 0.200000 0.233333 0.266667 0.300000 0.333333 0.366667 0.400000 0.433333 0.466667 0.500000
0.533333 0.566667 0.600000 0.633333 0.666667 0.700000 0.733333 0.766667 0.800000 0.833333 0.866667 0.900000 0.933333 0.966667 1.000000 1.033333</float_array>
        <technique_common>
          <accessor source="#mixamorig7_Spine-Matrix-animation-input-array" count="32">
            <param name="TIME" type="float"/>
          </accessor>
        </technique_common>
      </source>
      <source id="mixamorig7_Spine-Matrix-animation-output-transform">
        <float_array id="mixamorig7_Spine-Matrix-animation-output-transform-array" count="512">

0.999751 0.003594 -0.022032 -0.000000 -0.003456 0.999974 0.006286 9.694400 0.022054 -0.006208 0.999738 -1.109700 0.000000 0.000000 0.000000 1.000000
0.999960 0.007310 -0.005097 0.000000 -0.007242 0.999887 0.013165 9.694400 0.005192 -0.013127 0.999900 -1.109700 0.000000 0.000000 0.000000 1.000000
0.999931 -0.003248 0.011253 0.000000 0.003013 0.999778 0.020848 9.694400 -0.011319 -0.020813 0.999719 -1.109700 0.000000 0.000000 0.000000 1.000000
0.998422 -0.044213 0.034633 0.000000 0.043165 0.998604 0.030438 9.694400 -0.035930 -0.028895 0.998937 -1.109700 0.000000 0.000000 0.000000 1.000000
0.995476 -0.077879 0.054432 -0.000000 0.075623 0.996237 0.042353 9.694400 -0.057525 -0.038046 0.997619 -1.109700 0.000000 0.000000 0.000000 1.000000
0.994755 -0.082746 0.060137 0.000000 0.079677 0.995477 0.051750 9.694400 -0.064147 -0.046687 0.996848 -1.109700 0.000000 0.000000 0.000000 1.000000
0.995351 -0.069795 0.066370 0.000000 0.066396 0.996431 0.052120 9.694400 -0.069771 -0.047471 0.996433 -1.109700 0.000000 0.000000 0.000000 1.000000
0.996487 -0.041872 0.072525 0.000000 0.038736 0.998275 0.044125 9.694400 -0.074247 -0.041160 0.996390 -1.109700 0.000000 0.000000 0.000000 1.000000
0.997143 -0.020225 0.072782 -0.000000 0.016474 0.998523 0.051780 9.694400 -0.073722 -0.050433 0.996003 -1.109700 0.000000 0.000000 0.000000 1.000000
0.997576 0.002460 0.069543 -0.000000 -0.006219 0.998527 0.053893 9.694400 -0.069308 -0.054195 0.996122 -1.109700 0.000000 0.000000 0.000000 1.000000
0.997503 0.010721 0.069804 -0.000000 -0.014203 0.998669 0.049592 9.694400 -0.069179 -0.050459 0.996327 -1.109700 0.000000 0.000000 0.000000 1.000000
0.998292 0.012152 0.057136 0.000000 -0.014680 0.998922 0.044032 9.694400 -0.056539 -0.044796 0.997395 -1.109700 0.000000 0.000000 0.000000 1.000000
0.999658 0.011155 0.023653 0.000000 -0.012036 0.999227 0.037435 9.694400 -0.023217 -0.037707 0.999019 -1.109700 0.000000 0.000000 0.000000 1.000000
0.999890 0.010254 -0.010749 -0.000000 -0.009923 0.999488 0.030434 9.694400 0.011056 -0.030324 0.999479 -1.109700 0.000000 0.000000 0.000000 1.000000
0.999336 0.011949 -0.034406 -0.000000 -0.011066 0.999607 0.025752 9.694400 0.034701 -0.025354 0.999076 -1.109700 0.000000 0.000000 0.000000 1.000000
0.998347 0.020991 -0.053509 0.000000 -0.019578 0.999449 0.026797 9.694400 0.054042 -0.025705 0.998208 -1.109700 0.000000 0.000000 0.000000 1.000000
0.996931 0.029196 -0.072630 0.000000 -0.027112 0.999197 0.029513 9.694400 0.073434 -0.027453 0.996922 -1.109700 0.000000 0.000000 0.000000 1.000000
0.995389 0.035121 -0.089256 0.000000 -0.032748 0.999074 0.027909 9.694400 0.090153 -0.024857 0.995618 -1.109700 0.000000 0.000000 0.000000 1.000000
0.993919 0.043387 -0.101206 -0.000000 -0.040770 0.998782 0.027781 9.694400 0.102288 -0.023486 0.994478 -1.109700 0.000000 0.000000 0.000000 1.000000
0.990673 0.073123 -0.114979 0.000000 -0.069418 0.996941 0.035906 9.694400 0.117253 -0.027589 0.992719 -1.109700 0.000000 0.000000 0.000000 1.000000
0.987702 0.096624 -0.122917 0.000000 -0.091117 0.994600 0.049678 9.694400 0.127053 -0.037867 0.991173 -1.109700 0.000000 0.000000 0.000000 1.000000
0.988198 0.096489 -0.118971 0.000000 -0.089908 0.994170 0.059514 9.694400 0.124019 -0.048115 0.991113 -1.109700 0.000000 0.000000 0.000000 1.000000
0.990501 0.081691 -0.110607 -0.000000 -0.075930 0.995576 0.055340 9.694400 0.114639 -0.046416 0.992322 -1.109700 0.000000 0.000000 0.000000 1.000000
0.993467 0.049714 -0.102723 -0.000000 -0.045703 0.998112 0.041041 9.694400 0.104569 -0.036079 0.993863 -1.109700 0.000000 0.000000 0.000000 1.000000
0.993794 0.024779 -0.108445 0.000000 -0.020356 0.998923 0.041702 9.694400 0.109361 -0.039235 0.993227 -1.109700 0.000000 0.000000 0.000000 1.000000
0.992493 0.016501 -0.121182 -0.000000 -0.011037 0.998898 0.045622 9.694400 0.121801 -0.043942 0.991581 -1.109700 0.000000 0.000000 0.000000 1.000000
0.993259 0.017719 -0.114556 0.000000 -0.012316 0.998786 0.047702 9.694400 0.115262 -0.045970 0.992271 -1.109700 0.000000 0.000000 0.000000 1.000000
0.996063 0.019956 -0.086376 -0.000000 -0.016544 0.999061 0.040039 9.694400 0.087094 -0.038452 0.995458 -1.109700 0.000000 0.000000 0.000000 1.000000
0.998061 0.019244 -0.059201 -0.000000 -0.017400 0.999352 0.031497 9.694400 0.059769 -0.030406 0.997749 -1.109700 0.000000 0.000000 0.000000 1.000000
0.999013 0.014914 -0.041845 0.000000 -0.013772 0.999529 0.027440 9.694400 0.042235 -0.026836 0.998747 -1.109700 0.000000 0.000000 0.000000 1.000000
0.999494 0.009052 -0.030499 0.000000 -0.008434 0.999758 0.020340 9.694400 0.030675 -0.020073 0.999328 -1.109700 0.000000 0.000000 0.000000 1.000000
0.999751 0.003594 -0.022032 0.000000 -0.003456 0.999974 0.006286 9.694400 0.022054 -0.006208 0.999738 -1.109700 0.000000 0.000000 0.000000 1.000000</float_array>
        <technique_common>
          <accessor source="#mixamorig7_Spine-Matrix-animation-output-transform-array" count="32" stride="16">
            <param type="float4x4"/>
          </accessor>
        </technique_common>
      </source>
      <source id="mixamorig7_Spine-Interpolations">
        <Name_array id="mixamorig7_Spine-Interpolations-array" count="32">
 LINEAR LINEAR LINEAR LINEAR LINEAR LINEAR LINEAR LINEAR LINEAR LINEAR LINEAR
LINEAR LINEAR LINEAR LINEAR LINEAR LINEAR LINEAR LINEAR LINEAR LINEAR LINEAR LINEAR
LINEAR LINEAR LINEAR LINEAR LINEAR LINEAR LINEAR LINEAR LINEAR</Name_array>
        <technique_common>
          <accessor source="#mixamorig7_Spine-Interpolations-array" count="32">
            <param type="name"/>
          </accessor>
        </technique_common>
      </source>
      <sampler id="mixamorig7_Spine-Matrix-animation-transform">
        <input semantic="INPUT" source="#mixamorig7_Spine-Matrix-animation-input"/>
        <input semantic="OUTPUT" source="#mixamorig7_Spine-Matrix-animation-output-transform"/>
        <input semantic="INTERPOLATION" source="#mixamorig7_Spine-Interpolations"/>
      </sampler>
      <channel source="#mixamorig7_Spine-Matrix-animation-transform" target="mixamorig7_Spine/matrix"/>
    </animation>
    <animation id="mixamorig7_Spine1-anim" name="mixamorig7_Spine1">
      <source id="mixamorig7_Spine1-Matrix-animation-input">
        <float_array id="mixamorig7_Spine1-Matrix-animation-input-array" count="32">

0.000000 0.033333 0.066667 0.100000 0.133333 0.166667 0.200000 0.233333 0.266667 0.300000 0.333333 0.366667 0.400000 0.433333 0.466667 0.500000
0.533333 0.566667 0.600000 0.633333 0.666667 0.700000 0.733333 0.766667 0.800000 0.833333 0.866667 0.900000 0.933333 0.966667 1.000000 1.033333</float_array>
        <technique_common>
          <accessor source="#mixamorig7_Spine1-Matrix-animation-input-array" count="32">
            <param name="TIME" type="float"/>
          </accessor>
        </technique_common>
      </source>
      <source id="mixamorig7_Spine1-Matrix-animation-output-transform">
        <float_array id="mixamorig7_Spine1-Matrix-animation-output-transform-array" count="512">

0.998877 -0.016547 -0.044385 0.000000 0.014617 0.998948 -0.043458 11.384000 0.045057 0.042761 0.998069 0.000000 0.000000 0.000000 0.000000 1.000000
0.999414 -0.008072 -0.033256 0.000000 0.006775 0.999220 -0.038908 11.384000 0.033544 0.038660 0.998689 0.000000 0.000000 0.000000 0.000000 1.000000
0.999764 0.003056 -0.021501 -0.000000 -0.003810 0.999376 -0.035102 11.384000 0.021380 0.035176 0.999152 0.000000 0.000000 0.000000 0.000000 1.000000
0.999771 0.019280 -0.009250 -0.000000 -0.019584 0.999228 -0.034054 11.384000 0.008586 0.034227 0.999377 -0.000000 0.000000 0.000000 0.000000 1.000000
0.999523 0.030631 0.004026 0.000000 -0.030471 0.998921 -0.035047 11.384000 -0.005095 0.034907 0.999378 0.000000 0.000000 0.000000 0.000000 1.000000
0.999336 0.031127 0.018942 -0.000000 -0.030450 0.998921 -0.035061 11.384000 -0.020013 0.034461 0.999206 -0.000000 0.000000 0.000000 0.000000 1.000000
0.999084 0.027131 0.033103 0.000000 -0.025956 0.999035 -0.035432 11.384000 -0.034032 0.034540 0.998824 0.000000 0.000000 0.000000 0.000000 1.000000
0.998768 0.024243 0.043293 -0.000000 -0.022648 0.999060 -0.036957 11.384000 -0.044148 0.035931 0.998379 0.000000 0.000000 0.000000 0.000000 1.000000
0.998661 0.019811 0.047783 0.000000 -0.018215 0.999269 -0.033603 11.384000 -0.048414 0.032688 0.998292 0.000000 0.000000 0.000000 0.000000 1.000000
0.998998 0.008706 0.043911 0.000000 -0.007574 0.999636 -0.025881 11.384000 -0.044121 0.025522 0.998700 0.000000 0.000000 0.000000 0.000000 1.000000
0.999347 0.008415 0.035132 0.000000 -0.007638 0.999725 -0.022179 11.384000 -0.035309 0.021896 0.999137 0.000000 0.000000 0.000000 0.000000 1.000000
0.999562 0.009482 0.028033 0.000000 -0.008852 0.999707 -0.022523 11.384000 -0.028238 0.022265 0.999353 -0.000000 0.000000 0.000000 0.000000 1.000000
0.999796 0.007670 0.018673 0.000000 -0.007177 0.999627 -0.026368 11.384000 -0.018868 0.026228 0.999478 0.000000 0.000000 0.000000 0.000000 1.000000
0.999977 0.006559 0.001720 -0.000000 -0.006502 0.999498 -0.030993 11.384000 -0.001923 0.030981 0.999518 0.000000 0.000000 0.000000 0.000000 1.000000
0.999805 0.006575 -0.018608 -0.000000 -0.007192 0.999421 -0.033271 11.384000 0.018378 0.033398 0.999273 0.000000 0.000000 0.000000 0.000000 1.000000
0.999306 0.002234 -0.037177 0.000000 -0.003510 0.999406 -0.034275 11.384000 0.037078 0.034381 0.998721 0.000000 0.000000 0.000000 0.000000 1.000000
0.998479 -0.003471 -0.055017 0.000000 0.001517 0.999368 -0.035510 11.384000 0.055106 0.035373 0.997854 0.000000 0.000000 0.000000 0.000000 1.000000
0.997222 -0.009990 -0.073819 0.000000 0.007326 0.999315 -0.036268 11.384000 0.074131 0.035627 0.996612 0.000000 0.000000 0.000000 0.000000 1.000000
0.995594 -0.019677 -0.091679 -0.000000 0.016281 0.999159 -0.037642 11.384000 0.092343 0.035984 0.995077 0.000000 0.000000 0.000000 0.000000 1.000000
0.993593 -0.034197 -0.107721 0.000000 0.029758 0.998651 -0.042545 11.384000 0.109031 0.039067 0.993270 -0.000000 0.000000 0.000000 0.000000 1.000000
0.991398 -0.043415 -0.123469 0.000000 0.037915 0.998196 -0.046556 11.384000 0.125267 0.041474 0.991256 0.000000 0.000000 0.000000 0.000000 1.000000
0.989758 -0.041690 -0.136536 -0.000000 0.035850 0.998345 -0.044959 11.384000 0.138184 0.039604 0.989614 0.000000 0.000000 0.000000 0.000000 1.000000
0.988911 -0.038632 -0.143400 -0.000000 0.032598 0.998491 -0.044193 11.384000 0.144890 0.039028 0.988678 0.000000 0.000000 0.000000 0.000000 1.000000
0.988725 -0.037478 -0.144978 0.000000 0.031169 0.998476 -0.045544 11.384000 0.146464 0.040512 0.988386 0.000000 0.000000 0.000000 0.000000 1.000000
0.989519 -0.031299 -0.140967 -0.000000 0.025678 0.998808 -0.041517 11.384000 0.142098 0.037462 0.989143 0.000000 0.000000 0.000000 0.000000 1.000000
0.990498 -0.034733 -0.133066 0.000000 0.029528 0.998727 -0.040894 11.384000 0.134317 0.036576 0.990263 -0.000000 0.000000 0.000000 0.000000 1.000000
0.991362 -0.034990 -0.126400 0.000000 0.030168 0.998750 -0.039864 11.384000 0.127637 0.035707 0.991178 0.000000 0.000000 0.000000 0.000000 1.000000
0.992642 -0.032879 -0.116537 -0.000000 0.028317 0.998775 -0.040589 11.384000 0.117729 0.036990 0.992357 0.000000 0.000000 0.000000 0.000000 1.000000
0.994686 -0.030367 -0.098374 0.000000 0.026158 0.998698 -0.043797 11.384000 0.099576 0.040991 0.994185 0.000000 0.000000 0.000000 0.000000 1.000000
0.996778 -0.026337 -0.075768 0.000000 0.022875 0.998671 -0.046192 11.384000 0.076884 0.044310 0.996055 0.000000 0.000000 0.000000 0.000000 1.000000
0.998163 -0.021772 -0.056531 0.000000 0.019191 0.998766 -0.045800 11.384000 0.057458 0.044631 0.997350 -0.000000 0.000000 0.000000 0.000000 1.000000
0.998877 -0.016547 -0.044385 0.000000 0.014617 0.998948 -0.043458 11.384000 0.045057 0.042761 0.998069 0.000000 0.000000 0.000000 0.000000 1.000000</float_array>
        <technique_common>
          <accessor source="#mixamorig7_Spine1-Matrix-animation-output-transform-array" count="32" stride="16">
            <param type="float4x4"/>
          </accessor>
        </technique_common>
      </source>
      <source id="mixamorig7_Spine1-Interpolations">
        <Name_array id="mixamorig7_Spine1-Interpolations-array" count="32">
 LINEAR LINEAR LINEAR LINEAR LINEAR LINEAR LINEAR LINEAR LINEAR LINEAR LINEAR
LINEAR LINEAR LINEAR LINEAR LINEAR LINEAR LINEAR LINEAR LINEAR LINEAR LINEAR LINEAR
LINEAR LINEAR LINEAR LINEAR LINEAR LINEAR LINEAR LINEAR LINEAR</Name_array>
        <technique_common>
          <accessor source="#mixamorig7_Spine1-Interpolations-array" count="32">
            <param type="name"/>
          </accessor>
        </technique_common>
      </source>
      <sampler id="mixamorig7_Spine1-Matrix-animation-transform">
        <input semantic="INPUT" source="#mixamorig7_Spine1-Matrix-animation-input"/>
        <input semantic="OUTPUT" source="#mixamorig7_Spine1-Matrix-animation-output-transform"/>
        <input semantic="INTERPOLATION" source="#mixamorig7_Spine1-Interpolations"/>
      </sampler>
      <channel source="#mixamorig7_Spine1-Matrix-animation-transform" target="mixamorig7_Spine1/matrix"/>
    </animation>
    <animation id="mixamorig7_Spine2-anim" name="mixamorig7_Spine2">
      <source id="mixamorig7_Spine2-Matrix-animation-input">
        <float_array id="mixamorig7_Spine2-Matrix-animation-input-array" count="32">

0.000000 0.033333 0.066667 0.100000 0.133333 0.166667 0.200000 0.233333 0.266667 0.300000 0.333333 0.366667 0.400000 0.433333 0.466667 0.500000
0.533333 0.566667 0.600000 0.633333 0.666667 0.700000 0.733333 0.766667 0.800000 0.833333 0.866667 0.900000 0.933333 0.966667 1.000000 1.033333</float_array>
        <technique_common>
          <accessor source="#mixamorig7_Spine2-Matrix-animation-input-array" count="32">
            <param name="TIME" type="float"/>
          </accessor>
        </technique_common>
      </source>
      <source id="mixamorig7_Spine2-Matrix-animation-output-transform">
        <float_array id="mixamorig7_Spine2-Matrix-animation-output-transform-array" count="512">

0.998867 -0.018536 -0.043837 0.000000 0.016650 0.998936 -0.043002 13.010300 0.044587 0.042224 0.998113 0.000000 0.000000 0.000000 0.000000 1.000000
0.999418 -0.009777 -0.032689 0.000000 0.008512 0.999218 -0.038616 13.010300 0.033041 0.038316 0.998719 -0.000000 0.000000 0.000000 0.000000 1.000000
0.999776 0.001632 -0.021101 0.000000 -0.002366 0.999391 -0.034816 13.010300 0.021031 0.034858 0.999171 0.000000 0.000000 0.000000 0.000000 1.000000
0.999792 0.018179 -0.009251 0.000000 -0.018478 0.999272 -0.033390 13.010300 0.008637 0.033554 0.999400 -0.000000 0.000000 0.000000 0.000000 1.000000
0.999544 0.029964 0.003688 0.000000 -0.029823 0.998985 -0.033759 13.010300 -0.004695 0.033634 0.999423 -0.000000 0.000000 0.000000 0.000000 1.000000
0.999353 0.030852 0.018507 0.000000 -0.030217 0.998976 -0.033664 13.010300 -0.019527 0.033083 0.999262 0.000000 0.000000 0.000000 0.000000 1.000000
0.999094 0.027296 0.032646 -0.000000 -0.026171 0.999066 -0.034395 13.010300 -0.033554 0.033509 0.998875 -0.000000 0.000000 0.000000 0.000000 1.000000
0.998769 0.024945 0.042875 0.000000 -0.023405 0.999075 -0.036063 13.010300 -0.043735 0.035015 0.998429 0.000000 0.000000 0.000000 0.000000 1.000000
0.998654 0.020339 0.047709 0.000000 -0.018786 0.999286 -0.032782 13.010300 -0.048342 0.031841 0.998323 0.000000 0.000000 0.000000 0.000000 1.000000
0.998979 0.008360 0.044398 -0.000000 -0.007226 0.999645 -0.025632 13.010300 -0.044596 0.025285 0.998685 0.000000 0.000000 0.000000 0.000000 1.000000
0.999329 0.007555 0.035826 0.000000 -0.006783 0.999743 -0.021614 13.010300 -0.035980 0.021356 0.999124 0.000000 0.000000 0.000000 0.000000 1.000000
0.999546 0.008701 0.028846 -0.000000 -0.008076 0.999732 -0.021691 13.010300 -0.029027 0.021448 0.999348 0.000000 0.000000 0.000000 0.000000 1.000000
0.999783 0.007201 0.019533 0.000000 -0.006699 0.999648 -0.025666 13.010300 -0.019711 0.025529 0.999480 -0.000000 0.000000 0.000000 0.000000 1.000000
0.999978 0.006077 0.002513 0.000000 -0.005997 0.999514 -0.030607 13.010300 -0.002698 0.030591 0.999528 -0.000000 0.000000 0.000000 0.000000 1.000000
0.999823 0.005709 -0.017933 0.000000 -0.006302 0.999428 -0.033218 13.010300 0.017733 0.033325 0.999287 0.000000 0.000000 0.000000 0.000000 1.000000
0.999331 0.000885 -0.036573 0.000000 -0.002140 0.999409 -0.034295 13.010300 0.036521 0.034350 0.998742 0.000000 0.000000 0.000000 0.000000 1.000000
0.998501 -0.005350 -0.054475 0.000000 0.003427 0.999370 -0.035333 13.010300 0.054629 0.035093 0.997890 0.000000 0.000000 0.000000 0.000000 1.000000
0.997233 -0.012317 -0.073307 0.000000 0.009714 0.999313 -0.035759 13.010300 0.073697 0.034948 0.996668 -0.000000 0.000000 0.000000 0.000000 1.000000
0.995594 -0.022353 -0.091067 0.000000 0.019103 0.999155 -0.036398 13.010300 0.091804 0.034498 0.995179 0.000000 0.000000 0.000000 0.000000 1.000000
0.993575 -0.037488 -0.106784 0.000000 0.033407 0.998651 -0.039750 13.010300 0.108130 0.035928 0.993487 -0.000000 0.000000 0.000000 0.000000 1.000000
0.991372 -0.047330 -0.122232 0.000000 0.042370 0.998182 -0.042866 13.010300 0.124039 0.037317 0.991575 -0.000000 0.000000 0.000000 0.000000 1.000000
0.989750 -0.045610 -0.135333 0.000000 0.040270 0.998308 -0.041938 13.010300 0.137016 0.036059 0.989912 -0.000000 0.000000 0.000000 0.000000 1.000000
0.988908 -0.042718 -0.142257 0.000000 0.037117 0.998436 -0.041798 13.010300 0.143820 0.036054 0.988947 0.000000 0.000000 0.000000 0.000000 1.000000
0.988693 -0.041990 -0.143955 0.000000 0.036134 0.998419 -0.043051 13.010300 0.145535 0.037363 0.988647 0.000000 0.000000 0.000000 0.000000 1.000000
0.989458 -0.035298 -0.140456 0.000000 0.030005 0.998764 -0.039626 13.010300 0.141681 0.034994 0.989294 0.000000 0.000000 0.000000 0.000000 1.000000
0.990404 -0.038173 -0.132827 0.000000 0.033400 0.998720 -0.037982 13.010300 0.134107 0.033182 0.990411 0.000000 0.000000 0.000000 0.000000 1.000000
0.991261 -0.038004 -0.126325 0.000000 0.033568 0.998749 -0.037061 13.010300 0.127575 0.032496 0.991296 -0.000000 0.000000 0.000000 0.000000 1.000000
0.992545 -0.035834 -0.116493 -0.000000 0.031548 0.998763 -0.038433 13.010300 0.117726 0.034471 0.992448 -0.000000 0.000000 0.000000 0.000000 1.000000
0.994600 -0.033457 -0.098243 -0.000000 0.029417 0.998672 -0.042287 13.010300 0.099528 0.039168 0.994264 0.000000 0.000000 0.000000 0.000000 1.000000
0.996720 -0.029205 -0.075473 0.000000 0.025828 0.998637 -0.045346 13.010300 0.076694 0.043248 0.996116 -0.000000 0.000000 0.000000 0.000000 1.000000
0.998136 -0.024104 -0.056063 -0.000000 0.021571 0.998738 -0.045352 13.010300 0.057085 0.044058 0.997397 0.000000 0.000000 0.000000 0.000000 1.000000
0.998867 -0.018536 -0.043837 0.000000 0.016650 0.998936 -0.043002 13.010300 0.044587 0.042224 0.998113 -0.000000 0.000000 0.000000 0.000000 1.000000</float_array>
        <technique_common>
          <accessor source="#mixamorig7_Spine2-Matrix-animation-output-transform-array" count="32" stride="16">
            <param type="float4x4"/>
          </accessor>
        </technique_common>
      </source>
      <source id="mixamorig7_Spine2-Interpolations">
        <Name_array id="mixamorig7_Spine2-Interpolations-array" count="32">
 LINEAR LINEAR LINEAR LINEAR LINEAR LINEAR LINEAR LINEAR LINEAR LINEAR LINEAR
LINEAR LINEAR LINEAR LINEAR LINEAR LINEAR LINEAR LINEAR LINEAR LINEAR LINEAR LINEAR
LINEAR LINEAR LINEAR LINEAR LINEAR LINEAR LINEAR LINEAR LINEAR</Name_array>
        <technique_common>
          <accessor source="#mixamorig7_Spine2-Interpolations-array" count="32">
            <param type="name"/>
          </accessor>
        </technique_common>
      </source>
      <sampler id="mixamorig7_Spine2-Matrix-animation-transform">
        <input semantic="INPUT" source="#mixamorig7_Spine2-Matrix-animation-input"/>
        <input semantic="OUTPUT" source="#mixamorig7_Spine2-Matrix-animation-output-transform"/>
        <input semantic="INTERPOLATION" source="#mixamorig7_Spine2-Interpolations"/>
      </sampler>
      <channel source="#mixamorig7_Spine2-Matrix-animation-transform" target="mixamorig7_Spine2/matrix"/>
    </animation>
    <animation id="mixamorig7_Neck-anim" name="mixamorig7_Neck">
      <source id="mixamorig7_Neck-Matrix-animation-input">
        <float_array id="mixamorig7_Neck-Matrix-animation-input-array" count="32">

0.000000 0.033333 0.066667 0.100000 0.133333 0.166667 0.200000 0.233333 0.266667 0.300000 0.333333 0.366667 0.400000 0.433333 0.466667 0.500000
0.533333 0.566667 0.600000 0.633333 0.666667 0.700000 0.733333 0.766667 0.800000 0.833333 0.866667 0.900000 0.933333 0.966667 1.000000 1.033333</float_array>
        <technique_common>
          <accessor source="#mixamorig7_Neck-Matrix-animation-input-array" count="32">
            <param name="TIME" type="float"/>
          </accessor>
        </technique_common>
      </source>
      <source id="mixamorig7_Neck-Matrix-animation-output-transform">
        <float_array id="mixamorig7_Neck-Matrix-animation-output-transform-array" count="512">

0.999301 0.004142 0.037153 0.000000 -0.000204 0.994432 -0.105385 14.636600 -0.037382 0.105303 0.993737 -0.000000 0.000000 0.000000 0.000000 1.000000
0.999438 0.006365 0.032913 -0.000000 -0.002836 0.994345 -0.106161 14.636600 -0.033402 0.106008 0.993804 0.000000 0.000000 0.000000 0.000000 1.000000
0.999623 0.004337 0.027098 -0.000000 -0.001480 0.994515 -0.104585 14.636600 -0.027403 0.104506 0.994147 -0.000000 0.000000 0.000000 0.000000 1.000000
0.999795 -0.005905 0.019354 -0.000000 0.007865 0.994671 -0.102803 14.636600 -0.018644 0.102934 0.994513 0.000000 0.000000 0.000000 0.000000 1.000000
0.999797 -0.016764 0.011221 -0.000000 0.017836 0.994474 -0.103457 14.636600 -0.009424 0.103636 0.994571 -0.000000 0.000000 0.000000 0.000000 1.000000
0.999785 -0.020307 0.004140 0.000000 0.020626 0.994399 -0.103655 14.636600 -0.002012 0.103719 0.994605 0.000000 0.000000 0.000000 0.000000 1.000000
0.999829 -0.018360 -0.002006 0.000000 0.018064 0.994733 -0.100897 14.636600 0.003848 0.100843 0.994895 0.000000 0.000000 0.000000 0.000000 1.000000
0.999886 -0.013393 -0.006956 0.000000 0.012634 0.994953 -0.099548 14.636600 0.008254 0.099448 0.995008 0.000000 0.000000 0.000000 0.000000 1.000000
0.999964 0.001567 -0.008371 0.000000 -0.002444 0.994382 -0.105823 14.636600 0.008159 0.105840 0.994350 0.000000 0.000000 0.000000 0.000000 1.000000
0.999611 0.027461 -0.004915 0.000000 -0.027836 0.993481 -0.110550 14.636600 0.001847 0.110644 0.993858 0.000000 0.000000 0.000000 0.000000 1.000000
0.999208 0.039796 -0.000710 0.000000 -0.039631 0.993083 -0.110528 14.636600 -0.003694 0.110469 0.993873 0.000000 0.000000 0.000000 0.000000 1.000000
0.998802 0.048724 0.004591 0.000000 -0.047899 0.992484 -0.112610 14.636600 -0.010044 0.112256 0.993629 -0.000000 0.000000 0.000000 0.000000 1.000000
0.998459 0.054127 0.012274 -0.000000 -0.052388 0.992146 -0.113584 14.636600 -0.018326 0.112766 0.993453 0.000000 0.000000 0.000000 0.000000 1.000000
0.998561 0.049282 0.021154 0.000000 -0.046610 0.992588 -0.112232 14.636600 -0.026528 0.111084 0.993457 0.000000 0.000000 0.000000 0.000000 1.000000
0.998819 0.038413 0.029761 0.000000 -0.034791 0.992884 -0.113890 14.636600 -0.033924 0.112720 0.993048 0.000000 0.000000 0.000000 0.000000 1.000000
0.998815 0.030143 0.038206 0.000000 -0.025375 0.992490 -0.119666 14.636600 -0.041526 0.118554 0.992079 -0.000000 0.000000 0.000000 0.000000 1.000000
0.998633 0.023103 0.046880 -0.000000 -0.017085 0.992017 -0.124943 14.636600 -0.049392 0.123971 0.991056 0.000000 0.000000 0.000000 0.000000 1.000000
0.998264 0.018197 0.056024 0.000000 -0.011033 0.992017 -0.125617 14.636600 -0.057863 0.124781 0.990496 0.000000 0.000000 0.000000 0.000000 1.000000
0.997663 0.020207 0.065268 0.000000 -0.012048 0.992325 -0.123072 14.636600 -0.067254 0.121998 0.990249 0.000000 0.000000 0.000000 0.000000 1.000000
0.996765 0.029845 0.074629 0.000000 -0.020718 0.992533 -0.120205 14.636600 -0.077659 0.118270 0.989940 0.000000 0.000000 0.000000 0.000000 1.000000
0.995765 0.039117 0.083200 0.000000 -0.029113 0.992560 -0.118223 14.636600 -0.087205 0.115300 0.989495 0.000000 0.000000 0.000000 0.000000 1.000000
0.995090 0.042326 0.089465 0.000000 -0.031934 0.992904 -0.114555 14.636600 -0.093679 0.111136 0.989380 0.000000 0.000000 0.000000 0.000000 1.000000
0.994896 0.039709 0.092767 -0.000000 -0.029499 0.993609 -0.108955 14.636600 -0.096501 0.105662 0.989709 0.000000 0.000000 0.000000 0.000000 1.000000
0.995083 0.032214 0.093664 0.000000 -0.022273 0.994190 -0.105308 14.636600 -0.096512 0.102704 0.990019 0.000000 0.000000 0.000000 0.000000 1.000000
0.995793 0.009143 0.091175 0.000000 0.000943 0.993935 -0.109969 14.636600 -0.091627 0.109592 0.989744 0.000000 0.000000 0.000000 0.000000 1.000000
0.996140 -0.002765 0.087730 -0.000000 0.012695 0.993533 -0.112833 14.636600 -0.086851 0.113511 0.989733 0.000000 0.000000 0.000000 0.000000 1.000000
0.996605 -0.014104 0.081115 0.000000 0.023332 0.993210 -0.113972 14.636600 -0.078956 0.115477 0.990167 -0.000000 0.000000 0.000000 0.000000 1.000000
0.997224 -0.023376 0.070695 0.000000 0.031161 0.993321 -0.111100 14.636600 -0.067626 0.112995 0.991292 0.000000 0.000000 0.000000 0.000000 1.000000
0.997990 -0.023150 0.058997 0.000000 0.029454 0.993679 -0.108327 14.636600 -0.056117 0.109847 0.992363 0.000000 0.000000 0.000000 0.000000 1.000000
0.998718 -0.014904 0.048378 0.000000 0.020103 0.993858 -0.108822 14.636600 -0.046458 0.109655 0.992883 -0.000000 0.000000 0.000000 0.000000 1.000000
0.999165 -0.004138 0.040648 -0.000000 0.008551 0.994004 -0.109010 14.636600 -0.039953 0.109266 0.993209 -0.000000 0.000000 0.000000 0.000000 1.000000
0.999301 0.004142 0.037152 0.000000 -0.000204 0.994432 -0.105385 14.636600 -0.037382 0.105303 0.993737 0.000000 0.000000 0.000000 0.000000 1.000000</float_array>
        <technique_common>
          <accessor source="#mixamorig7_Neck-Matrix-animation-output-transform-array" count="32" stride="16">
            <param type="float4x4"/>
          </accessor>
        </technique_common>
      </source>
      <source id="mixamorig7_Neck-Interpolations">
        <Name_array id="mixamorig7_Neck-Interpolations-array" count="32">
 LINEAR LINEAR LINEAR LINEAR LINEAR LINEAR LINEAR LINEAR LINEAR LINEAR LINEAR
LINEAR LINEAR LINEAR LINEAR LINEAR LINEAR LINEAR LINEAR LINEAR LINEAR LINEAR LINEAR
LINEAR LINEAR LINEAR LINEAR LINEAR LINEAR LINEAR LINEAR LINEAR</Name_array>
        <technique_common>
          <accessor source="#mixamorig7_Neck-Interpolations-array" count="32">
            <param type="name"/>
          </accessor>
        </technique_common>
      </source>
      <sampler id="mixamorig7_Neck-Matrix-animation-transform">
        <input semantic="INPUT" source="#mixamorig7_Neck-Matrix-animation-input"/>
        <input semantic="OUTPUT" source="#mixamorig7_Neck-Matrix-animation-output-transform"/>
        <input semantic="INTERPOLATION" source="#mixamorig7_Neck-Interpolations"/>
      </sampler>
      <channel source="#mixamorig7_Neck-Matrix-animation-transform" target="mixamorig7_Neck/matrix"/>
    </animation>
    <animation id="mixamorig7_Head-anim" name="mixamorig7_Head">
      <source id="mixamorig7_Head-Matrix-animation-input">
        <float_array id="mixamorig7_Head-Matrix-animation-input-array" count="32">

0.000000 0.033333 0.066667 0.100000 0.133333 0.166667 0.200000 0.233333 0.266667 0.300000 0.333333 0.366667 0.400000 0.433333 0.466667 0.500000
0.533333 0.566667 0.600000 0.633333 0.666667 0.700000 0.733333 0.766667 0.800000 0.833333 0.866667 0.900000 0.933333 0.966667 1.000000 1.033333</float_array>
        <technique_common>
          <accessor source="#mixamorig7_Head-Matrix-animation-input-array" count="32">
            <param name="TIME" type="float"/>
          </accessor>
        </technique_common>
      </source>
      <source id="mixamorig7_Head-Matrix-animation-output-transform">
        <float_array id="mixamorig7_Head-Matrix-animation-output-transform-array" count="512">

0.999296 0.003778 0.037328 0.000000 -0.004081 0.999959 0.008039 6.944300 -0.037296 -0.008186 0.999271 1.982500 0.000000 0.000000 0.000000 1.000000
0.999442 0.005482 0.032961 -0.000000 -0.005732 0.999955 0.007507 6.944300 -0.032918 -0.007692 0.999428 1.982500 0.000000 0.000000 0.000000 1.000000
0.999618 0.004298 0.027311 -0.000000 -0.004546 0.999949 0.009022 6.944300 -0.027271 -0.009143 0.999586 1.982500 0.000000 0.000000 0.000000 1.000000
0.999793 -0.003075 0.020118 0.000000 0.002862 0.999940 0.010592 6.944300 -0.020150 -0.010532 0.999741 1.982500 0.000000 0.000000 0.000000 1.000000
0.999854 -0.011781 0.012356 0.000000 0.011653 0.999878 0.010374 6.944300 -0.012476 -0.010229 0.999870 1.982500 0.000000 0.000000 0.000000 1.000000
0.999879 -0.014631 0.005365 -0.000000 0.014573 0.999838 0.010572 6.944300 -0.005519 -0.010493 0.999930 1.982500 0.000000 0.000000 0.000000 1.000000
0.999919 -0.012706 -0.000825 0.000000 0.012716 0.999830 0.013384 6.944300 0.000655 -0.013394 0.999910 1.982500 0.000000 0.000000 0.000000 1.000000
0.999943 -0.008833 -0.006023 0.000000 0.008918 0.999859 0.014248 6.944300 0.005896 -0.014301 0.999880 1.982500 0.000000 0.000000 0.000000 1.000000
0.999964 0.002126 -0.008257 0.000000 -0.002055 0.999961 0.008623 6.944300 0.008275 -0.008606 0.999929 1.982500 0.000000 0.000000 0.000000 1.000000
0.999753 0.021387 -0.006092 -0.000000 -0.021354 0.999757 0.005425 6.944300 0.006206 -0.005293 0.999967 1.982500 0.000000 0.000000 0.000000 1.000000
0.999485 0.032015 -0.002175 0.000000 -0.032001 0.999469 0.006154 6.944300 0.002371 -0.006081 0.999979 1.982500 0.000000 0.000000 0.000000 1.000000
0.999185 0.040242 0.003035 0.000000 -0.040257 0.999177 0.004929 6.944300 -0.002834 -0.005047 0.999983 1.982500 0.000000 0.000000 0.000000 1.000000
0.998918 0.045269 0.010637 -0.000000 -0.045315 0.998964 0.004150 6.944300 -0.010438 -0.004627 0.999935 1.982500 0.000000 0.000000 0.000000 1.000000
0.998954 0.041320 0.019597 0.000000 -0.041412 0.999133 0.004292 6.944300 -0.019402 -0.005099 0.999799 1.982500 0.000000 0.000000 0.000000 1.000000
0.999061 0.032607 0.028527 0.000000 -0.032657 0.999466 0.001270 6.944300 -0.028471 -0.002200 0.999592 1.982500 0.000000 0.000000 0.000000 1.000000
0.998956 0.026409 0.037276 -0.000000 -0.026240 0.999643 -0.005017 6.944300 -0.037395 0.004034 0.999292 1.982500 0.000000 0.000000 0.000000 1.000000
0.998688 0.021812 0.046335 0.000000 -0.021350 0.999718 -0.010439 6.944300 -0.046550 0.009437 0.998871 1.982500 0.000000 0.000000 0.000000 1.000000
0.998260 0.018931 0.055845 0.000000 -0.018301 0.999763 -0.011772 6.944300 -0.056054 0.010730 0.998370 1.982500 0.000000 0.000000 0.000000 1.000000
0.997663 0.020821 0.065078 -0.000000 -0.020234 0.999748 -0.009678 6.944300 -0.065263 0.008339 0.997833 1.982500 0.000000 0.000000 0.000000 1.000000
0.996851 0.028377 0.074042 0.000000 -0.027985 0.999588 -0.006323 6.944300 -0.074191 0.004231 0.997235 1.982500 0.000000 0.000000 0.000000 1.000000
0.995962 0.035896 0.082284 -0.000000 -0.035722 0.999355 -0.003586 6.944300 -0.082359 0.000632 0.996603 1.982500 0.000000 0.000000 0.000000 1.000000
0.995338 0.038307 0.088513 0.000000 -0.038506 0.999258 0.000546 6.944300 -0.088426 -0.003951 0.996075 1.982500 0.000000 0.000000 0.000000 1.000000
0.995116 0.035704 0.092031 0.000000 -0.036413 0.999319 0.006031 6.944300 -0.091753 -0.009353 0.995738 1.982500 0.000000 0.000000 0.000000 1.000000
0.995183 0.029849 0.093383 -0.000000 -0.030807 0.999486 0.008835 6.944300 -0.093071 -0.011669 0.995591 1.982500 0.000000 0.000000 0.000000 1.000000
0.995661 0.013268 0.092105 0.000000 -0.013670 0.999900 0.003731 6.944300 -0.092046 -0.004973 0.995742 1.982500 0.000000 0.000000 0.000000 1.000000
0.996011 0.004127 0.089131 -0.000000 -0.004230 0.999991 0.000961 6.944300 -0.089126 -0.001334 0.996019 1.982500 0.000000 0.000000 0.000000 1.000000
